5
1 7 4 0 9 
4 8 8 2 4 
5 5 1 7 1 
1 5 2 7 6 
1 4 2 3 2 
5
2 1 6 8 5 
7 6 1 8 9 
2 7 9 5 4 
3 1 2 3 3 
4 1 1 3 8 
5
47 44 12 7 37 
9 23 41 29 28 
16 35 40 42 38 
6 40 42 14 48 
46 5 40 29 20 
5
350 6 101 393 548 
629 623 84 954 756 
840 966 376 931 308 
944 439 626 323 537 
538 118 82 929 541 
10
3 5 9 8 4 0 7 6 3 6 
1 5 4 2 0 9 7 3 7 2 
6 0 1 6 5 7 5 4 1 2 
0 0 1 4 6 0 7 1 7 7 
7 7 3 3 5 9 9 8 1 8 
2 6 6 0 3 8 0 1 2 5 
0 9 4 7 8 3 5 1 2 0 
1 6 4 0 6 1 8 9 8 4 
1 4 3 9 8 8 0 8 7 7 
8 3 8 3 7 1 0 7 3 4 
20
9 6 5 1 0 9 9 6 8 3 4 8 4 9 9 2 5 5 3 3 
3 7 4 3 8 0 8 8 0 6 8 1 9 8 9 7 2 2 8 2 
8 9 0 7 8 1 5 8 6 1 2 4 2 5 8 6 2 6 5 3 
9 2 4 6 1 8 2 1 1 9 7 6 2 9 5 2 0 0 3 9 
1 8 1 9 5 3 2 5 2 5 8 6 7 7 2 2 9 4 1 9 
6 9 8 2 5 5 4 9 1 2 5 0 8 3 9 3 9 6 7 9 
9 7 6 9 3 5 7 6 6 5 8 2 5 4 4 1 6 1 6 3 
3 5 5 3 2 8 2 5 3 6 1 8 6 2 1 4 6 2 9 1 
5 0 3 6 4 9 2 9 3 4 4 0 5 9 6 3 4 2 8 8 
7 5 8 1 2 5 7 4 4 4 4 4 2 9 3 0 7 7 8 7 
3 0 3 8 2 5 2 0 3 7 2 9 7 5 3 4 3 2 1 1 
3 2 5 3 5 1 2 2 2 6 4 0 7 0 3 4 0 0 5 3 
1 0 6 7 5 0 0 4 5 4 9 5 6 4 8 2 1 6 8 3 
1 4 8 4 9 2 0 7 0 6 0 7 0 5 6 7 3 8 4 9 
2 6 5 7 7 4 5 7 9 8 3 0 2 2 3 6 7 1 5 5 
4 0 2 6 0 6 1 1 1 7 3 0 0 4 8 3 0 1 2 9 
0 3 8 8 5 7 7 0 8 9 3 0 7 4 7 8 3 7 1 0 
0 8 3 4 5 0 1 4 5 6 2 0 3 5 6 6 6 7 6 7 
7 1 9 1 6 2 7 2 7 6 5 1 3 9 9 5 9 2 6 5 
3 2 4 4 4 2 7 9 2 3 7 3 1 5 7 8 5 8 3 2 
30
4 1 1 5 9 5 1 0 6 4 5 3 0 8 9 1 3 4 7 4 6 3 6 5 2 8 1 0 3 1 
5 5 2 2 1 7 4 8 2 3 6 3 0 3 5 2 8 0 7 2 2 5 9 1 0 8 5 0 7 9 
0 5 3 4 1 0 4 8 5 9 2 5 4 1 3 9 5 8 2 7 9 6 1 7 7 1 9 0 3 4 
1 7 5 3 3 2 4 1 2 9 0 8 7 4 5 6 8 0 7 7 4 3 1 3 6 3 0 1 9 0 
4 2 9 3 1 4 8 2 0 5 5 9 3 2 8 7 4 8 1 4 3 5 5 2 6 8 9 2 9 5 
9 4 5 0 5 8 8 0 1 3 2 2 2 7 0 3 1 3 3 7 0 9 5 5 8 3 7 8 3 7 
9 3 9 1 8 2 8 0 1 8 4 8 6 0 9 3 0 0 8 7 6 3 5 6 5 8 3 9 4 8 
3 9 7 6 4 5 8 6 1 5 5 1 9 6 4 5 4 2 5 3 2 6 8 2 6 6 3 9 4 5 
6 2 5 3 5 6 6 1 4 4 6 2 6 8 2 5 5 1 0 1 5 1 7 6 0 0 2 4 3 3 
6 2 8 2 3 4 3 4 3 6 8 4 7 3 9 8 0 0 8 8 0 5 1 4 3 6 3 9 2 1 
9 8 2 3 4 0 2 3 1 9 8 9 8 9 1 3 5 1 4 2 5 3 8 9 2 8 7 0 1 4 
8 1 9 3 5 9 7 9 8 0 1 4 7 5 5 5 0 9 2 8 2 4 5 0 4 4 0 5 1 1 
5 9 0 8 3 8 7 2 6 9 3 8 1 0 3 3 8 4 8 0 1 5 4 1 3 7 3 5 8 5 
6 9 0 8 9 3 6 0 6 9 7 8 9 4 1 5 6 6 6 6 6 7 1 4 0 6 1 2 1 4 
9 5 2 3 4 1 5 2 3 1 6 8 8 2 7 7 1 2 6 0 4 9 4 6 0 3 6 2 4 5 
8 8 1 2 1 4 9 8 2 4 5 2 9 9 8 3 8 6 9 8 6 6 2 3 8 2 6 2 7 5 
7 8 2 7 8 0 2 0 8 9 2 8 2 0 5 5 2 7 6 7 8 7 8 1 6 0 9 5 8 9 
0 0 0 7 2 5 5 2 1 4 8 6 4 6 8 9 8 3 5 5 1 5 5 8 4 0 5 4 7 2 
1 4 9 9 0 3 0 3 5 0 7 6 7 8 3 6 4 4 1 9 5 5 7 4 7 3 4 0 8 8 
1 5 2 3 2 4 6 6 6 2 9 0 4 9 3 1 1 9 9 5 5 5 6 0 5 9 4 6 3 4 
9 0 5 3 9 1 2 8 8 1 8 6 0 2 4 9 0 2 2 1 5 4 4 4 2 5 0 4 2 1 
2 7 7 9 5 5 4 0 3 4 1 2 2 9 8 2 2 7 8 5 8 3 9 4 4 6 9 8 5 6 
6 0 7 2 7 2 6 4 7 1 3 2 1 6 3 8 3 2 8 6 0 1 2 6 0 5 4 6 7 9 
3 4 7 8 8 1 6 3 8 7 6 1 7 2 3 7 8 5 8 5 8 7 3 3 1 0 8 1 0 9 
2 4 9 1 5 7 3 3 4 2 2 0 1 2 7 7 0 2 4 1 0 3 7 3 9 5 9 7 2 0 
2 8 6 7 0 8 1 8 3 0 3 6 2 0 2 8 4 1 8 3 7 5 8 1 7 0 4 8 8 1 
3 6 7 8 9 5 5 5 6 6 3 0 0 8 8 2 3 0 6 5 0 9 7 2 2 8 2 9 4 4 
8 2 7 2 5 8 4 7 3 9 5 1 9 0 2 8 3 1 4 3 1 0 4 0 7 9 0 8 1 4 
0 7 9 5 3 8 2 3 2 1 0 4 0 7 5 9 0 5 1 2 0 9 8 9 1 7 3 3 0 7 
6 6 0 2 8 9 8 9 9 9 4 2 0 8 7 8 7 3 0 7 6 4 2 1 9 1 6 0 3 3 
50
16 32 52 41 54 13 62 96 60 15 4 99 36 80 98 32 87 84 40 17 6 70 41 82 49 23 58 5 21 95 96 16 78 78 79 58 77 50 7 29 81 95 78 76 53 99 84 65 93 8 
72 43 29 14 68 55 91 73 22 48 51 86 44 46 77 17 29 16 74 91 69 12 46 93 91 15 49 57 40 52 36 51 87 26 62 55 83 94 80 97 65 65 13 61 78 78 78 40 11 47 
45 70 75 89 50 49 33 65 14 82 7 32 96 67 22 82 10 41 31 87 5 79 21 38 51 47 8 46 76 59 89 22 66 86 55 28 14 60 53 77 48 3 61 31 82 55 97 6 52 21 
96 81 21 55 47 24 18 35 76 74 59 98 74 53 22 35 43 88 53 32 47 80 26 78 50 1 61 99 55 63 16 73 61 45 73 74 50 53 81 87 99 10 43 65 72 29 81 12 76 81 
47 90 71 5 72 32 89 20 65 31 58 93 6 78 48 6 71 66 96 97 20 94 29 88 9 84 69 78 17 15 26 84 68 6 28 97 18 90 99 85 86 99 20 10 71 13 15 85 18 80 
31 67 87 44 86 7 60 27 74 31 52 71 68 93 85 37 11 4 77 6 68 22 13 0 42 37 38 88 55 89 47 81 93 84 87 61 93 17 1 82 47 65 53 4 84 95 25 21 64 81 
72 6 56 43 93 80 80 68 11 13 68 51 16 79 68 40 31 33 79 63 59 53 36 95 65 74 20 35 80 76 55 25 71 8 59 56 2 32 5 40 75 62 85 62 80 36 97 2 8 80 
40 76 58 93 40 46 74 73 97 80 35 72 0 7 55 66 41 88 81 68 15 96 25 9 12 36 55 62 43 42 21 22 12 48 18 68 17 14 50 90 35 59 69 95 3 40 79 99 5 91 
61 81 52 53 33 29 87 42 53 83 20 14 18 44 63 29 52 64 69 70 5 47 94 87 26 76 23 40 79 90 88 10 71 45 21 70 83 89 55 78 79 6 62 35 87 96 33 88 35 79 
93 90 62 65 1 5 7 67 69 34 71 57 98 45 97 18 38 44 72 63 28 64 1 23 90 4 1 27 97 92 71 63 1 63 21 65 21 45 10 95 41 22 12 51 15 55 93 38 79 82 
8 54 22 7 45 38 44 90 39 54 4 23 25 78 24 81 30 33 23 94 30 46 87 45 5 16 50 89 38 63 35 97 9 30 24 8 37 74 20 72 93 55 34 61 56 6 84 75 82 19 
41 32 84 79 79 83 67 36 25 18 37 28 19 77 37 91 56 95 60 1 93 32 36 80 75 7 84 74 19 90 76 41 51 29 90 74 72 91 89 87 90 39 93 53 63 81 3 5 76 79 
95 39 68 98 83 39 15 21 93 26 22 38 28 81 99 78 91 23 43 34 43 49 2 7 2 41 87 46 91 37 13 0 16 90 62 35 26 10 77 82 60 89 5 74 63 22 95 66 60 38 
88 11 45 67 25 67 89 42 63 47 2 17 99 23 26 3 48 51 70 36 58 67 56 5 31 62 19 75 56 31 95 44 91 3 88 15 50 19 72 91 83 33 75 42 69 0 54 78 85 57 
33 93 90 3 50 33 22 71 11 90 38 41 58 47 52 58 79 2 83 90 2 68 22 95 35 8 61 42 94 99 88 78 42 57 41 47 69 45 80 13 64 10 61 85 73 4 62 3 2 69 
54 29 52 74 49 30 44 44 49 18 65 63 52 73 70 31 47 11 69 98 98 3 52 79 53 43 22 88 63 34 50 22 40 11 92 51 80 77 16 76 78 20 15 48 98 79 35 57 83 62 
2 62 20 70 22 73 41 86 88 17 17 92 98 67 49 65 89 32 19 81 3 30 28 31 89 52 30 72 64 7 95 28 81 90 10 77 71 36 59 43 40 33 37 93 30 74 93 82 3 61 
90 62 7 97 51 23 90 17 40 3 66 83 61 59 45 86 51 65 1 40 9 97 83 50 58 21 75 81 87 71 87 99 4 79 38 0 30 61 18 5 40 28 59 22 98 60 98 35 81 14 
67 93 96 61 46 38 70 38 76 55 17 71 60 52 58 33 55 65 26 1 34 59 93 48 73 92 93 33 37 3 90 11 94 68 27 98 89 48 79 47 49 31 69 75 98 49 36 99 23 43 
31 54 61 34 85 67 16 93 4 66 53 8 23 84 92 67 48 69 30 11 14 90 27 43 4 99 74 95 6 58 89 58 9 89 47 40 18 64 75 26 89 3 66 12 40 70 76 95 41 86 
51 9 87 83 85 90 50 86 55 81 28 2 77 62 24 65 72 32 85 28 46 89 78 83 25 65 60 45 78 21 55 20 27 73 34 51 75 36 34 1 37 10 74 90 56 71 80 35 45 82 
25 18 73 12 37 98 5 62 17 92 39 47 46 3 31 15 39 58 29 45 94 99 45 72 75 62 72 73 80 38 97 42 8 3 77 25 34 1 78 82 69 36 78 39 38 21 26 63 77 75 
24 81 0 61 62 2 48 95 84 16 37 7 93 84 44 59 21 58 43 68 77 19 57 41 91 64 23 15 72 29 41 15 15 36 57 59 0 52 93 41 29 48 27 98 24 24 74 33 85 38 
70 62 29 84 9 78 23 85 0 24 93 5 12 65 67 7 77 84 4 90 34 91 21 85 34 90 42 98 86 18 21 24 97 76 54 69 8 27 93 68 66 2 38 0 19 18 90 84 39 56 
8 32 78 14 87 39 74 20 27 54 88 41 98 42 2 21 4 46 56 9 33 8 61 33 86 4 85 42 42 60 61 20 43 78 87 13 63 91 34 15 56 61 12 11 59 51 38 70 24 7 
7 84 51 1 89 58 41 90 13 12 55 60 93 72 2 76 43 73 66 51 75 28 32 61 69 3 29 7 92 51 53 92 70 19 72 7 94 5 40 83 62 9 7 38 60 71 71 54 47 14 
23 29 89 66 87 56 32 70 39 66 22 83 60 53 5 91 59 86 87 29 42 17 45 56 88 52 54 66 33 60 19 31 38 67 76 98 14 20 53 7 69 16 22 42 7 63 60 47 93 30 
17 43 76 14 26 17 34 20 71 92 64 54 66 93 64 75 0 12 0 51 76 79 43 77 89 61 85 72 34 44 61 63 4 46 88 8 57 30 23 64 74 46 37 81 18 11 92 91 32 23 
61 91 61 30 98 69 91 0 79 17 17 14 95 41 36 67 28 53 9 73 81 3 69 16 83 67 85 2 30 57 81 67 10 66 87 71 77 45 64 38 71 47 15 92 11 57 5 53 71 80 
40 30 75 20 90 77 98 86 4 89 31 44 88 10 18 19 59 27 9 19 79 16 0 96 53 58 30 93 6 49 54 72 60 94 54 33 46 29 71 28 59 41 21 88 66 33 85 70 29 61 
60 8 82 62 6 78 79 97 87 38 69 83 40 95 66 33 9 57 17 34 53 35 58 93 43 93 66 51 40 94 37 74 12 97 51 95 17 92 92 37 30 13 96 10 89 28 9 86 44 40 
82 69 20 93 92 62 14 27 7 94 5 13 11 13 93 64 3 95 62 81 46 9 48 68 24 11 54 35 27 33 40 62 27 77 17 40 42 0 0 58 76 54 35 30 31 95 37 23 22 27 
29 11 11 54 80 53 93 21 85 28 43 0 55 71 70 52 75 31 40 34 40 86 34 48 39 65 96 12 62 52 31 87 64 57 48 56 70 50 82 1 93 99 32 44 31 75 4 50 26 66 
38 1 23 43 41 80 95 18 59 63 28 29 88 54 13 79 69 66 79 77 37 2 15 92 23 72 48 23 53 48 95 97 8 8 11 93 65 81 2 10 28 56 5 65 23 69 15 53 5 84 
78 45 40 33 85 0 68 94 33 85 48 81 32 56 10 72 82 1 6 35 60 71 27 37 43 68 33 95 71 3 42 11 79 34 12 93 30 61 34 58 26 6 91 43 88 27 19 84 24 93 
35 24 94 82 67 27 5 46 86 89 40 37 50 59 78 56 77 3 42 0 11 25 43 95 16 15 4 6 68 41 35 98 25 13 23 12 18 57 96 39 86 94 46 43 22 11 80 55 58 47 
70 90 73 27 13 54 96 72 50 41 41 46 25 13 24 29 95 3 94 93 67 87 40 79 41 25 34 60 0 7 21 92 93 17 17 3 43 93 39 11 25 28 78 48 50 92 44 54 23 53 
36 47 46 26 61 4 38 71 86 5 99 56 28 67 51 19 91 66 17 46 93 87 21 12 67 99 44 97 1 28 42 4 68 68 41 96 62 20 44 18 25 19 84 74 84 59 49 14 95 3 
32 51 37 14 63 51 19 90 17 83 18 84 52 86 69 48 37 97 24 68 27 48 93 82 71 69 93 77 14 4 84 43 95 11 93 92 98 90 99 90 93 74 49 74 14 73 69 18 65 33 
38 11 52 63 8 49 88 45 31 20 6 71 68 21 58 57 47 82 38 22 23 6 6 89 56 45 51 23 18 50 97 36 91 6 10 13 51 80 44 43 41 45 78 49 5 14 85 27 24 4 
56 17 27 55 2 86 68 98 79 11 89 58 90 75 10 32 89 96 50 12 22 29 72 36 77 53 76 70 85 52 51 97 51 1 35 93 72 16 16 28 11 25 38 96 39 44 56 26 2 58 
88 21 86 8 77 28 79 47 49 80 45 28 62 26 19 77 91 47 85 31 6 84 54 69 9 56 21 45 65 16 60 97 35 90 77 49 5 86 88 75 43 77 30 87 55 82 53 0 54 89 
88 15 8 10 40 99 97 7 54 4 37 85 99 92 13 12 82 83 51 29 37 33 0 64 83 57 68 10 68 8 41 32 37 84 99 1 69 83 56 92 40 87 12 10 20 35 63 15 97 77 
74 34 53 33 78 86 24 34 75 49 12 84 24 92 4 22 55 13 62 73 84 60 22 53 97 22 50 37 17 6 31 97 5 36 57 99 90 98 85 47 84 92 25 96 55 28 38 42 28 95 
42 37 6 67 53 93 5 46 9 24 54 65 39 6 9 92 99 75 36 61 47 18 13 27 12 96 9 41 30 90 34 15 86 23 66 44 36 37 16 93 49 71 44 77 85 0 90 85 25 18 
68 6 29 8 41 25 36 80 16 70 84 47 28 36 4 0 23 64 11 40 50 4 83 66 41 70 45 6 88 56 7 66 57 78 99 74 55 91 90 32 58 96 17 90 67 7 34 46 62 2 
39 26 95 6 14 50 86 79 76 22 79 1 12 76 64 57 70 38 12 44 61 80 0 43 56 61 47 39 8 90 52 79 18 19 7 84 47 77 75 13 9 71 42 39 36 21 1 34 29 58 
36 69 97 4 98 2 5 38 32 65 16 81 79 23 27 71 13 82 40 16 88 19 89 13 59 51 71 83 64 38 12 84 59 1 74 33 59 14 49 95 22 41 16 77 52 65 91 38 10 67 
55 87 24 22 39 41 48 4 34 68 41 72 68 74 76 37 33 41 45 18 15 74 52 46 56 24 66 81 44 40 34 96 76 27 5 18 91 41 65 91 71 59 0 17 16 43 24 64 5 57 
2 66 75 46 32 89 46 45 3 52 1 26 53 84 49 50 5 46 25 70 36 95 93 23 32 56 96 10 76 92 50 90 95 52 50 15 36 61 60 84 29 34 50 82 6 36 84 90 17 82 
100
66 116 388 425 101 610 450 982 621 193 38 754 593 895 280 638 167 420 345 883 865 696 833 390 632 189 839 183 817 129 753 679 613 600 252 145 861 151 318 963 813 907 554 476 617 211 429 264 966 531 942 698 522 155 587 257 158 464 762 510 946 65 380 165 946 540 297 42 464 194 584 270 715 200 206 106 302 696 833 611 67 415 645 175 354 448 919 79 988 321 592 597 197 509 652 71 658 122 859 997 
999 899 120 320 36 984 912 915 953 485 741 199 567 208 844 169 681 879 108 207 259 706 849 75 26 124 607 774 884 128 546 145 481 714 149 168 338 307 793 504 105 697 217 955 641 343 133 97 679 736 555 633 954 930 252 904 279 488 870 754 72 176 701 415 86 231 480 975 260 514 938 657 990 438 981 447 242 618 70 631 61 219 781 990 833 672 563 302 502 928 721 898 447 945 406 222 686 794 577 844 
683 547 240 485 464 723 337 653 168 130 255 466 858 512 656 318 201 142 276 506 702 684 23 270 312 250 475 311 850 195 488 520 101 183 798 892 848 784 245 187 462 343 258 859 871 16 172 832 441 683 88 15 976 516 298 39 283 205 997 146 769 675 917 387 20 30 442 735 389 373 480 73 777 786 381 785 522 345 979 85 713 935 735 883 186 96 648 85 752 521 260 982 636 688 919 236 792 65 278 198 
496 386 11 976 547 121 202 245 702 564 539 572 257 370 920 654 359 80 298 391 960 510 591 867 33 675 136 499 775 790 376 256 272 703 86 967 515 542 495 566 456 186 437 198 626 364 85 665 908 340 360 814 154 12 752 338 706 525 630 249 179 79 313 838 517 421 145 991 969 839 308 565 762 473 681 970 147 53 708 508 715 429 66 689 663 771 541 259 631 572 514 966 988 170 168 199 655 850 444 936 
278 406 427 313 523 371 327 73 461 173 934 102 587 417 463 153 126 595 495 213 406 370 859 305 496 833 223 852 879 519 126 793 585 465 371 444 107 271 87 99 519 596 715 552 492 753 257 590 959 357 886 809 865 686 19 259 313 435 28 101 468 869 456 731 578 74 395 843 274 316 24 511 585 722 971 57 95 174 38 183 658 295 722 983 231 503 232 300 590 480 408 505 702 858 818 557 561 120 28 656 
713 332 92 182 467 320 358 74 987 94 983 364 264 714 746 390 425 255 163 467 792 231 619 880 718 128 948 720 79 91 766 587 808 126 825 159 518 220 35 314 456 147 156 134 360 751 208 478 294 589 524 976 694 90 189 372 419 301 702 844 523 539 609 827 637 186 416 827 169 623 899 514 415 644 436 669 378 676 858 952 846 137 915 988 616 288 382 74 333 915 56 656 62 616 524 129 442 984 872 49 
396 26 582 202 775 416 665 552 759 755 417 844 554 443 824 999 422 121 733 413 917 793 873 60 175 74 985 501 622 208 395 26 720 291 988 929 72 977 193 8 254 922 876 137 816 803 90 912 289 253 979 299 322 902 602 369 654 729 734 438 274 226 463 134 972 348 453 503 307 518 333 437 695 179 661 144 659 961 907 576 472 645 592 972 628 196 811 535 835 229 716 532 956 158 749 620 296 724 120 526 
406 983 445 574 691 588 538 664 104 877 353 942 4 623 852 625 611 842 724 149 135 590 146 328 855 804 741 909 381 779 102 83 692 532 312 99 161 47 405 290 569 959 628 139 228 580 471 778 440 456 148 444 745 125 210 698 616 180 815 64 226 472 479 593 482 5 536 333 105 587 732 638 165 64 518 399 32 508 896 438 978 638 245 59 169 744 362 769 49 518 467 558 143 61 603 190 186 226 603 4 
300 768 423 347 396 566 230 665 152 0 617 173 786 668 597 579 224 728 260 158 425 267 312 734 452 169 562 570 211 235 890 711 64 750 960 545 767 754 787 217 565 942 88 273 815 579 837 388 269 886 830 809 640 321 319 881 626 20 411 454 893 984 357 999 336 829 950 457 405 365 334 49 94 592 270 119 17 313 253 117 977 160 505 153 591 562 576 854 72 134 16 50 193 945 852 747 521 61 344 259 
366 885 439 718 107 268 554 50 432 799 20 735 98 792 916 182 29 316 59 758 583 399 135 357 70 271 342 780 877 406 295 686 403 252 718 35 285 428 678 960 101 949 364 385 626 157 737 841 938 593 96 33 493 768 873 935 109 96 381 561 739 584 923 499 731 849 442 606 850 287 40 769 223 588 467 83 400 158 606 938 463 920 366 758 685 23 229 298 356 470 175 196 683 988 619 946 190 275 469 519 
341 197 545 654 158 58 794 791 341 837 900 232 675 736 438 958 580 85 13 284 253 727 285 426 670 536 281 370 549 348 77 199 835 573 137 351 731 617 233 571 376 529 731 44 342 467 0 528 916 634 999 757 240 581 623 941 131 749 539 299 575 99 363 245 726 201 424 83 389 735 24 895 745 170 483 717 392 752 324 773 740 255 468 70 843 30 756 765 114 980 458 358 124 8 311 667 717 928 590 99 
580 870 990 412 0 64 275 84 682 911 106 868 644 826 436 366 592 988 838 865 212 947 446 659 52 771 256 110 57 666 250 670 145 925 148 874 774 43 429 536 763 16 858 934 301 61 655 815 174 582 139 82 24 900 575 337 376 300 424 864 537 695 525 629 851 788 794 744 706 75 71 490 884 819 979 195 158 807 845 374 438 156 820 432 766 222 957 553 271 955 389 625 29 128 39 527 394 490 648 54 
517 192 530 618 148 56 990 282 743 439 301 493 927 269 393 33 431 592 135 26 842 80 616 961 717 907 920 245 166 121 782 782 6 491 870 615 195 143 763 771 592 935 217 412 881 467 721 952 322 828 230 429 424 699 153 151 794 41 264 383 720 144 388 77 213 202 658 202 753 249 58 575 90 638 823 395 701 205 558 123 287 41 26 530 209 820 935 43 531 674 902 100 71 775 9 430 794 622 736 890 
15 452 754 782 933 188 855 960 945 923 542 659 487 943 347 584 389 668 788 198 280 479 707 813 860 447 846 271 182 344 142 448 636 353 549 888 823 825 251 190 639 46 362 775 624 78 985 103 781 377 350 48 170 494 216 729 726 38 915 672 352 862 421 667 128 465 329 259 82 389 986 419 735 140 666 632 485 822 3 161 896 141 150 432 872 361 770 313 165 645 120 810 128 970 621 596 4 514 799 210 
269 552 235 471 344 830 382 261 395 151 666 83 710 758 372 295 906 14 452 284 905 812 21 341 575 290 525 611 167 982 783 387 793 50 679 268 274 884 629 335 460 105 511 992 824 550 16 60 801 759 309 923 67 300 225 256 140 48 655 807 449 491 760 382 836 219 270 679 725 519 809 701 631 324 807 725 301 283 969 488 164 963 124 534 770 851 997 724 511 67 265 840 379 955 28 661 432 227 160 139 
666 237 48 848 404 48 565 221 133 175 241 514 147 362 954 676 454 658 721 784 688 466 116 856 180 429 537 629 389 843 4 101 384 920 987 136 52 582 528 366 472 193 958 179 983 987 823 397 96 594 901 653 520 503 472 20 932 953 824 33 57 665 732 280 167 966 690 868 926 828 479 144 703 449 833 3 910 240 27 610 527 282 393 187 863 961 565 599 251 318 81 558 103 358 238 178 464 457 572 221 
922 756 867 260 298 343 234 841 19 352 62 411 811 793 405 881 651 760 898 271 842 694 84 535 500 955 155 323 650 688 939 10 17 932 948 210 495 419 648 189 171 851 695 223 637 649 800 407 134 884 177 812 641 304 496 162 537 551 851 732 565 938 445 228 194 526 178 745 928 205 149 257 312 401 199 727 692 353 795 542 567 149 376 255 742 748 103 815 47 73 965 749 137 169 331 970 53 768 52 178 
156 981 695 586 929 731 278 859 752 89 958 238 54 972 208 656 171 147 503 511 174 819 107 205 599 788 261 45 435 492 732 76 667 403 367 899 54 167 212 114 129 793 977 854 12 831 889 326 647 299 489 674 836 612 387 957 503 491 482 829 27 361 952 496 646 183 597 554 32 102 945 476 224 81 195 623 632 343 602 369 282 989 437 599 35 179 654 652 399 350 132 945 293 871 649 590 204 177 705 319 
750 528 228 722 668 785 774 184 651 884 37 915 189 681 74 759 850 546 260 427 233 421 161 818 546 350 263 461 846 458 594 371 945 502 246 420 254 953 760 586 419 735 616 113 335 592 18 265 370 336 525 746 644 512 482 815 105 726 201 773 306 80 593 990 591 214 223 857 700 849 322 285 762 702 268 374 152 848 235 638 762 237 272 792 200 343 519 481 370 991 145 984 714 85 79 399 282 386 119 650 
193 185 516 608 888 499 425 896 769 331 814 502 970 537 598 77 398 851 888 463 53 505 741 267 662 655 81 695 618 872 94 670 538 121 445 523 243 365 718 135 937 599 499 192 554 124 31 66 429 722 556 818 875 692 910 361 132 728 522 149 277 826 348 278 777 338 175 944 125 139 821 340 640 966 81 148 547 951 907 551 110 557 77 9 403 576 540 23 574 454 369 906 485 999 48 930 573 658 816 884 
373 31 604 783 791 422 10 987 364 568 994 579 23 709 657 141 285 477 23 272 828 435 549 517 9 743 867 265 590 891 369 538 604 776 212 991 693 409 620 197 662 128 100 759 842 440 89 494 642 620 486 146 964 486 271 943 466 474 445 788 349 827 954 504 281 246 757 285 114 350 832 673 943 312 232 883 239 768 589 683 209 987 795 245 912 639 935 248 479 207 230 954 601 940 43 718 412 377 623 472 
983 885 686 720 257 702 439 606 276 924 652 37 35 699 316 890 367 606 221 975 520 792 565 547 258 684 531 829 782 705 162 689 923 870 342 282 196 180 969 72 715 51 736 755 174 477 154 729 882 851 769 237 301 676 604 73 161 197 595 125 485 62 229 560 718 73 79 709 662 224 574 682 475 815 343 446 532 568 684 361 472 286 266 89 151 604 233 594 76 598 604 533 468 184 417 964 616 14 66 996 
873 148 510 396 941 791 866 589 20 355 948 251 81 271 825 228 173 454 309 430 238 991 739 853 448 567 54 877 490 197 56 773 589 862 536 429 888 539 585 841 167 520 560 47 581 382 606 989 784 403 960 462 732 392 843 63 923 611 740 692 443 270 919 849 112 576 845 486 556 603 364 498 508 878 338 723 5 411 193 117 943 227 514 290 416 801 339 544 236 12 274 433 740 401 183 135 828 633 437 134 
577 671 722 263 659 540 368 282 848 366 290 227 458 71 106 305 1 434 770 555 507 299 730 75 803 439 194 488 664 673 48 358 280 487 764 713 13 452 170 978 766 704 416 649 377 837 537 459 432 955 105 526 937 366 914 155 290 446 182 635 93 936 846 238 456 403 714 599 41 925 74 324 344 863 749 276 597 334 647 426 43 244 592 761 269 175 139 696 481 471 268 713 666 30 806 109 290 59 684 546 
759 103 606 391 93 196 583 950 557 435 12 667 869 165 903 973 791 516 149 515 118 243 388 497 711 91 874 563 125 7 370 121 727 658 336 275 221 576 799 919 241 611 712 209 635 263 830 514 336 783 32 988 339 705 670 940 868 391 728 985 537 320 124 997 354 703 494 562 865 554 700 302 714 629 794 26 463 528 748 679 351 199 3 442 280 16 290 98 858 730 553 551 262 444 649 485 55 572 889 858 
552 129 640 860 46 627 44 422 936 473 154 333 756 51 391 534 931 322 79 202 176 580 269 388 429 885 2 610 327 274 760 99 42 55 393 65 928 572 284 726 798 523 201 587 88 997 652 175 750 678 455 893 630 406 531 489 165 521 127 964 440 113 389 710 488 763 320 188 821 264 3 754 722 316 854 586 425 524 818 302 120 659 488 682 341 574 500 566 222 754 552 850 516 226 486 602 737 901 901 749 
967 102 265 881 843 710 508 489 858 184 121 106 586 987 371 490 972 518 73 353 281 662 996 213 451 115 804 785 333 564 504 837 453 784 333 972 921 544 370 257 88 129 297 340 923 901 343 876 731 500 648 613 253 311 693 332 451 814 599 216 212 834 849 252 912 141 209 450 180 569 535 562 365 111 817 11 763 321 606 345 443 850 593 664 442 444 833 736 502 25 559 953 7 6 543 129 751 70 395 228 
541 59 220 715 944 178 658 384 738 383 638 737 635 30 782 315 80 21 425 752 204 446 412 4 45 825 244 549 994 529 132 9 316 429 761 133 930 746 532 283 873 439 880 835 987 570 589 629 560 521 597 189 163 444 621 705 815 713 334 999 137 615 164 58 511 383 846 943 737 831 655 251 351 290 52 295 420 61 360 767 273 34 133 191 301 378 387 879 500 615 709 72 61 952 970 823 64 537 50 610 
791 978 443 161 821 718 298 183 933 695 709 72 468 703 864 845 849 50 646 142 444 155 459 768 885 301 768 847 606 187 535 309 364 633 351 140 625 724 346 200 838 31 221 217 624 584 815 344 352 19 70 367 919 174 487 30 345 716 44 699 162 685 115 321 502 541 804 573 733 452 811 229 224 159 983 665 845 950 826 591 897 213 371 986 662 190 584 906 418 622 719 666 218 991 959 566 103 279 498 867 
345 103 430 20 25 534 821 833 235 287 393 827 348 624 692 918 800 244 431 86 695 508 753 597 192 121 819 907 71 22 561 991 52 251 523 965 956 980 61 465 523 300 828 235 953 612 682 876 157 289 292 199 776 461 842 131 660 700 638 80 620 545 929 168 141 762 834 633 270 82 0 560 364 141 99 336 665 833 29 827 254 28 319 984 110 168 417 397 125 406 410 463 48 690 969 344 599 643 155 464 
537 558 206 911 414 947 293 129 587 80 85 764 234 76 15 118 384 847 648 547 555 832 781 837 427 896 859 324 799 653 701 841 404 729 215 565 650 532 83 719 296 439 778 238 241 803 6 620 670 849 205 524 78 787 984 629 139 898 973 638 815 2 41 485 63 211 66 827 583 930 565 82 982 831 235 290 812 256 802 448 513 126 497 64 215 293 907 437 418 338 424 70 183 345 328 59 483 221 537 560 
349 923 883 905 847 313 786 984 409 234 500 970 839 157 668 856 485 592 22 733 735 383 827 499 61 90 135 100 479 573 906 885 245 209 836 981 939 699 101 407 195 219 84 427 355 560 133 452 800 603 688 398 875 569 304 990 843 557 857 319 875 149 190 946 798 467 346 509 80 479 981 207 719 138 425 699 770 14 510 355 232 765 618 720 237 264 709 703 544 50 541 301 344 427 141 910 696 824 683 98 
640 131 570 754 535 903 445 609 414 32 917 630 318 432 413 90 461 132 635 517 645 321 818 805 333 721 246 970 788 394 8 227 835 577 675 205 50 642 254 318 390 724 979 365 754 171 22 844 267 509 410 872 552 874 977 697 370 941 267 341 617 968 65 321 655 727 914 283 137 932 549 162 882 35 592 135 930 534 520 728 688 724 634 233 603 125 122 782 760 65 930 264 423 322 486 908 638 631 565 426 
362 563 378 419 851 741 315 76 168 521 98 587 531 239 339 552 830 474 781 742 118 900 700 234 606 680 790 923 399 168 485 634 455 544 444 708 800 219 518 349 947 580 299 448 684 119 132 340 888 770 297 433 140 622 545 540 727 250 82 247 99 50 730 396 304 331 805 51 82 139 767 370 676 143 556 973 116 957 286 366 433 843 672 814 298 471 937 261 809 920 586 327 441 53 323 528 491 597 99 881 
823 310 671 578 993 90 653 234 266 247 113 422 745 974 488 22 377 519 83 966 805 794 646 324 441 89 98 797 66 460 391 573 465 605 806 438 396 518 262 944 726 15 893 323 569 124 218 369 472 670 161 15 825 729 494 37 195 830 549 300 701 794 561 303 992 959 948 206 613 969 639 455 561 651 410 677 576 539 222 502 224 196 849 23 912 723 714 371 808 620 981 156 298 149 145 497 466 443 448 392 
531 204 695 294 450 149 951 581 598 845 675 245 584 433 100 399 567 297 9 941 231 99 898 974 387 759 262 145 729 659 324 767 966 968 927 94 849 796 542 923 396 417 411 368 48 781 833 574 688 884 668 468 425 204 844 921 960 911 922 951 700 342 630 425 430 451 720 198 527 480 405 382 425 614 612 204 192 9 938 5 866 666 171 80 964 541 26 886 935 733 251 724 76 292 159 951 596 527 807 287 
27 920 805 127 837 710 583 803 137 483 341 635 621 277 278 80 434 711 229 853 930 408 730 448 632 141 670 416 63 818 815 984 509 974 741 885 408 960 748 85 778 101 171 505 401 796 172 109 731 987 670 525 184 802 727 746 688 352 197 989 895 398 951 18 373 257 719 873 915 68 883 610 859 125 596 839 583 518 159 518 61 167 603 166 938 226 193 882 876 760 738 557 780 554 78 61 868 521 673 98 
757 258 419 345 901 189 216 956 239 725 125 532 178 421 716 762 287 208 738 530 605 490 799 569 407 253 413 656 785 583 348 593 799 362 606 666 735 219 671 664 599 608 847 14 914 212 507 622 327 492 320 999 898 271 386 192 552 217 524 988 693 89 688 414 296 268 346 358 737 745 568 797 825 647 221 237 643 907 670 549 546 39 252 12 20 431 476 691 525 845 99 416 774 56 677 872 736 8 896 309 
132 358 788 744 4 930 727 649 519 868 174 901 361 255 966 927 313 362 780 818 728 289 713 941 223 796 731 840 231 135 632 582 382 250 644 852 457 601 268 33 773 894 419 526 883 533 782 512 436 825 52 812 24 845 296 202 773 758 305 677 358 111 281 650 570 980 253 327 359 716 797 118 718 777 381 65 152 713 371 176 586 874 242 241 509 97 662 248 242 148 592 536 620 617 229 624 781 638 706 561 
350 547 458 39 905 981 468 414 601 316 294 967 45 167 39 163 600 774 444 999 525 80 217 824 449 86 674 257 185 215 58 275 230 582 211 37 270 962 591 28 661 612 696 876 100 958 171 191 248 122 698 550 758 728 145 742 438 860 473 477 493 695 404 213 32 525 904 295 221 848 168 84 620 91 838 232 119 337 566 432 262 534 831 637 694 102 11 514 642 269 834 547 730 503 41 606 411 297 737 102 
15 63 117 317 999 151 643 538 782 454 887 12 912 922 837 174 91 808 718 851 277 623 852 211 230 589 1 15 487 728 29 921 987 863 327 488 477 714 846 475 82 831 839 619 169 647 362 406 560 752 905 561 720 380 441 550 339 738 124 951 5 940 989 625 482 104 653 380 430 611 606 58 787 51 327 430 622 747 407 296 714 205 949 406 810 515 935 588 785 334 913 23 476 963 177 726 922 707 529 266 
627 425 900 248 975 530 757 413 96 16 92 905 251 807 730 703 547 452 255 684 535 594 146 790 36 47 505 607 278 958 281 746 299 422 592 413 808 52 41 791 576 924 657 708 946 958 632 263 627 831 441 679 637 100 637 909 750 654 540 597 827 979 46 139 838 81 898 792 221 697 293 813 206 929 693 351 816 194 238 988 675 971 421 980 683 966 99 756 609 466 668 359 395 184 928 94 332 866 458 266 
463 913 431 286 360 166 449 122 260 883 173 966 706 946 474 708 346 670 820 266 69 378 927 38 884 359 767 978 30 921 191 890 93 444 809 507 40 523 222 647 150 225 262 382 969 740 1 855 305 526 287 863 979 966 478 345 209 886 906 720 643 606 442 361 983 938 817 795 709 799 497 795 742 252 367 140 103 855 755 52 856 445 262 997 650 789 65 705 127 447 427 503 276 265 675 246 781 803 815 263 
760 316 581 777 533 828 784 703 444 476 374 108 535 402 935 441 786 393 320 414 944 857 912 304 496 691 706 826 216 583 133 511 976 305 665 206 98 418 619 791 24 467 850 934 495 975 75 694 787 465 762 639 508 460 682 586 495 122 935 948 559 119 138 466 373 750 60 341 93 548 406 918 268 212 65 619 127 571 114 42 750 749 728 261 977 736 25 606 465 783 953 405 626 153 165 545 127 780 431 380 
183 347 723 81 63 544 249 426 440 662 291 29 698 598 978 727 825 460 269 180 223 347 402 165 82 423 55 187 807 809 330 91 111 544 344 75 689 205 756 724 217 856 48 760 280 650 88 966 67 778 173 843 48 932 576 763 598 335 616 857 980 166 661 491 933 929 85 250 891 693 288 288 786 57 559 827 910 226 290 241 264 666 74 692 148 412 892 216 158 827 159 42 839 163 448 396 250 896 196 678 
108 486 437 303 323 1 41 845 630 94 400 993 54 394 204 542 124 569 581 643 827 201 502 23 38 561 834 101 205 900 732 456 636 210 917 593 477 792 910 990 408 775 889 69 391 139 835 306 39 173 69 573 444 827 195 336 395 102 316 7 22 764 948 8 772 8 790 157 47 831 86 696 906 467 814 190 467 605 511 383 653 439 826 942 929 440 527 540 886 443 47 153 470 610 605 709 971 471 242 332 
842 420 225 881 718 588 351 252 857 865 975 430 351 102 750 788 747 72 290 219 717 993 760 756 92 693 199 32 849 873 343 933 444 856 486 25 364 0 332 22 145 53 709 895 747 508 319 634 136 123 244 982 490 375 546 439 48 565 962 168 719 469 982 113 287 340 766 633 290 321 636 677 995 906 463 249 620 56 133 566 955 57 421 461 501 660 916 163 738 378 397 334 588 499 470 199 115 366 465 232 
874 78 337 800 848 993 958 757 671 58 682 617 65 706 820 312 204 602 197 136 643 116 978 306 624 115 473 160 678 336 719 608 188 782 321 616 223 712 186 170 766 42 268 458 876 662 946 981 753 704 838 597 322 595 911 115 387 221 237 604 578 640 864 566 694 931 365 756 184 65 106 265 0 984 389 402 411 957 807 407 227 686 943 35 112 231 677 49 206 401 435 546 959 576 811 708 90 164 597 725 
107 883 415 377 94 380 355 168 934 383 611 316 403 948 200 41 660 273 723 189 32 223 787 178 739 503 137 890 463 177 801 203 913 830 314 99 998 103 598 117 790 868 374 692 448 106 184 848 926 567 235 407 977 471 205 30 920 845 458 759 598 42 808 277 66 633 505 278 290 311 440 17 402 869 543 848 226 760 57 863 646 490 668 526 386 610 649 339 813 162 358 220 437 815 875 372 876 390 429 555 
10 77 784 275 435 976 840 48 529 190 633 367 637 323 445 3 994 86 734 452 275 541 925 201 855 304 378 391 433 260 725 826 125 690 189 707 935 847 719 883 614 428 313 48 26 640 727 709 466 565 965 887 473 976 750 653 953 229 509 343 600 771 611 778 763 188 568 2 960 968 373 666 360 418 385 1 485 619 946 613 696 389 894 804 119 219 627 88 461 295 652 643 90 747 965 124 284 525 953 792 
110 197 497 805 112 856 256 730 231 34 501 171 438 656 265 236 469 924 386 972 802 652 471 580 925 380 708 599 137 867 728 812 831 684 293 658 140 887 688 77 559 959 530 630 676 140 638 391 860 276 60 94 328 437 53 385 139 927 728 196 304 368 396 975 813 183 391 148 646 333 559 127 773 601 207 495 552 835 460 652 171 595 720 273 88 467 375 163 612 474 649 930 628 395 583 833 127 45 0 985 
990 772 638 771 793 696 373 61 908 716 300 739 827 497 872 578 289 772 693 658 999 478 366 610 642 995 567 577 854 454 992 602 226 994 45 374 548 883 444 881 975 670 847 318 98 967 594 572 67 138 991 789 268 460 512 300 812 434 677 575 617 890 47 990 340 705 484 643 814 564 500 298 682 875 370 923 498 51 864 677 23 260 764 117 467 770 919 855 297 727 665 300 888 969 813 398 244 359 850 456 
605 810 428 913 420 882 32 266 387 631 464 501 380 585 702 73 653 594 227 388 954 802 866 168 147 371 137 633 312 862 320 101 555 685 86 117 741 763 648 932 667 953 146 213 594 707 75 266 729 482 508 802 494 571 506 698 955 144 444 224 778 101 31 740 303 925 528 559 589 270 849 912 788 563 400 541 514 505 44 711 375 284 106 258 397 394 159 123 415 96 822 258 873 876 396 706 105 795 387 143 
141 139 388 839 277 372 752 396 682 771 585 529 584 447 868 939 999 615 522 242 712 707 631 848 454 971 490 209 458 925 727 868 964 555 905 289 207 355 396 323 341 49 634 784 426 786 611 822 869 258 411 800 804 985 503 362 608 922 40 401 937 12 347 919 91 148 160 405 425 90 330 281 888 795 638 411 984 647 655 371 502 100 761 717 965 539 501 423 815 409 53 2 431 585 89 807 944 535 264 812 
627 984 755 95 885 449 238 755 415 741 56 609 19 827 862 248 779 343 731 751 251 96 498 979 138 306 991 301 413 781 451 469 286 277 142 541 355 435 658 799 961 380 374 584 538 113 656 593 373 671 31 252 253 399 623 100 36 600 366 192 546 164 303 281 952 809 933 722 482 89 242 704 869 940 136 65 805 612 672 826 955 625 210 156 388 646 868 614 413 796 726 65 85 181 829 256 188 716 838 998 
915 499 222 733 468 629 143 916 28 661 790 424 741 447 347 719 81 382 489 105 403 749 390 991 168 545 317 345 167 270 538 986 925 202 182 95 628 255 396 720 341 813 546 278 27 903 724 686 986 365 397 868 616 218 344 604 163 879 15 372 843 807 217 326 17 180 57 869 536 458 700 622 274 835 828 914 958 899 427 592 921 340 89 536 43 493 146 21 828 94 218 802 943 496 27 217 85 403 672 776 
685 711 66 254 354 942 643 500 150 866 209 534 398 500 182 916 685 693 253 924 621 248 111 275 43 103 623 116 723 285 203 712 117 84 469 807 966 104 584 381 65 372 630 560 87 715 945 993 621 842 465 249 158 148 766 70 496 693 703 967 683 460 714 444 415 714 924 961 725 200 667 772 249 817 218 813 358 379 469 86 475 724 246 187 517 282 71 340 501 235 625 273 947 6 388 917 243 338 184 957 
639 94 260 531 253 665 237 390 971 27 497 460 184 491 99 491 940 890 106 413 498 223 790 562 125 221 995 946 578 754 201 523 413 98 546 687 478 212 918 482 684 714 356 19 458 127 730 401 826 892 766 24 544 755 102 619 288 384 421 756 635 668 199 410 213 508 135 915 562 354 302 234 115 410 263 74 92 984 881 948 40 424 301 781 702 293 896 20 901 455 979 978 14 7 673 699 66 68 985 524 
764 587 629 118 111 602 322 42 187 942 497 188 372 838 613 933 348 831 550 596 659 609 29 117 324 906 321 189 225 738 409 469 881 239 107 629 913 154 685 50 393 249 794 202 8 934 727 672 707 496 942 972 650 8 819 621 483 727 573 705 644 158 375 644 491 934 752 983 224 986 463 331 901 753 955 326 596 728 251 61 10 480 153 27 891 491 252 809 726 269 134 863 130 721 667 49 17 665 11 725 
908 162 50 524 215 599 670 455 711 221 680 37 569 807 535 666 92 882 49 106 594 324 444 70 259 33 956 93 891 22 605 887 757 498 28 446 920 297 129 974 89 859 864 479 472 869 408 817 663 222 818 183 177 820 678 454 464 847 803 824 626 663 991 292 492 954 30 249 375 425 493 291 162 771 537 140 888 354 363 967 636 461 519 513 106 285 750 704 640 972 353 465 45 306 126 557 296 546 880 796 
484 693 194 605 59 838 556 179 296 782 729 556 42 840 536 279 94 543 306 532 379 590 635 881 516 577 173 17 978 203 681 823 232 575 632 140 531 386 361 397 953 809 35 121 537 743 533 306 396 786 35 673 434 407 804 807 952 626 331 569 808 531 731 707 146 678 942 145 330 961 47 770 426 387 614 686 705 539 365 521 44 502 57 120 716 38 131 388 344 439 535 901 988 891 140 232 834 441 765 356 
833 786 528 609 363 300 5 530 131 810 705 797 918 316 996 889 833 618 703 711 460 135 690 420 646 860 445 590 145 370 13 836 110 68 906 707 956 701 479 494 254 126 113 646 443 914 515 787 90 197 569 433 148 130 204 862 836 460 230 611 309 568 30 138 932 1 102 191 406 804 579 673 210 965 37 219 818 49 712 646 718 38 289 690 33 672 989 453 544 165 503 770 569 739 968 837 224 456 388 366 
296 658 586 420 832 25 276 309 91 842 721 787 109 389 383 721 587 377 924 438 914 662 855 177 706 419 643 302 612 521 692 407 218 144 748 415 879 521 448 651 87 475 879 858 583 946 187 407 288 925 395 860 320 390 767 656 354 672 446 156 879 500 293 203 309 508 585 289 271 580 127 550 941 502 793 994 157 621 156 803 466 828 288 12 764 935 72 833 920 2 202 48 506 913 361 210 784 64 585 771 
392 12 938 789 101 769 809 588 774 774 867 838 456 198 228 753 709 864 720 809 125 905 7 418 900 728 878 827 403 955 739 540 19 680 393 257 792 726 237 359 539 981 552 383 442 979 807 889 780 265 783 794 463 13 925 961 397 361 485 95 7 156 544 605 624 56 892 250 85 420 431 516 786 34 491 647 617 947 889 92 296 834 223 172 48 23 291 166 261 981 941 461 443 245 696 229 373 900 650 703 
828 731 941 523 942 710 388 13 788 479 73 220 737 555 814 431 0 997 411 8 917 202 128 245 639 629 699 933 596 884 76 729 413 603 591 403 964 695 298 42 540 245 464 222 815 860 989 770 749 297 91 24 252 321 740 713 835 316 489 796 548 664 858 543 81 580 407 436 670 662 863 166 463 55 598 772 331 861 300 493 41 649 644 237 82 619 667 463 816 610 42 619 413 880 108 306 847 806 452 696 
571 500 377 456 535 11 587 102 84 423 883 313 932 79 582 0 616 358 843 807 909 415 765 530 72 317 58 281 272 257 757 740 107 311 257 393 971 587 743 468 802 88 298 582 252 977 457 385 293 716 628 394 291 771 107 912 332 509 292 677 227 205 91 691 183 881 270 632 604 318 114 613 374 849 152 827 915 337 788 255 177 851 968 584 377 246 20 406 162 745 745 341 432 58 494 154 94 513 538 398 
505 339 251 73 847 219 479 217 145 446 600 498 797 141 925 840 199 9 656 443 992 690 474 458 79 288 973 300 64 654 67 930 826 852 675 177 734 620 893 23 940 959 118 28 376 945 453 35 565 826 670 712 880 526 959 460 977 200 274 783 781 506 987 501 568 192 714 741 705 694 130 230 614 598 139 546 762 767 854 448 828 530 224 692 114 887 960 114 245 464 643 819 326 948 544 863 970 455 360 908 
898 63 584 925 558 914 130 479 803 399 785 0 651 554 980 888 908 852 660 829 243 282 65 881 474 380 570 639 352 641 644 775 72 33 694 141 709 595 826 345 204 777 789 250 778 160 571 60 104 716 597 188 716 756 28 929 930 346 787 94 114 278 568 533 220 891 323 246 778 89 698 616 900 357 532 703 962 982 596 759 541 761 425 184 415 752 524 18 93 374 569 899 897 798 634 327 725 372 688 551 
557 980 491 861 988 739 260 199 570 411 233 26 452 946 921 680 636 36 745 925 523 976 342 599 724 929 851 628 667 198 357 241 150 452 149 600 491 811 414 753 210 742 553 228 764 215 213 949 524 442 154 217 940 112 184 449 628 463 963 397 287 0 786 443 438 218 120 912 897 605 946 789 570 337 435 990 797 192 317 903 230 865 952 719 297 654 528 274 183 561 913 154 824 698 550 390 148 356 124 901 
318 905 768 140 187 155 728 655 335 485 600 629 754 801 75 815 937 531 461 610 47 981 455 674 838 588 811 721 16 315 312 697 331 943 608 974 69 452 16 664 859 686 551 87 872 345 963 376 901 813 889 632 188 12 539 990 657 718 615 717 859 72 645 449 671 168 81 171 606 852 386 944 240 531 778 879 673 659 792 298 387 21 602 620 116 847 622 925 2 120 899 834 804 969 283 568 538 474 156 17 
200 579 432 448 47 44 9 546 556 270 241 39 293 196 513 31 121 972 896 328 288 739 415 399 755 184 658 484 525 975 689 371 794 385 944 920 775 161 324 971 466 235 959 540 443 56 654 497 339 709 57 302 323 37 338 916 697 491 402 189 687 997 120 567 949 926 523 591 848 35 691 744 658 512 98 772 355 771 409 753 448 745 304 512 916 855 198 762 157 196 418 164 704 318 545 813 695 154 433 254 
618 800 429 561 932 358 546 260 943 723 817 712 906 831 39 109 730 90 337 721 975 274 116 681 257 465 643 959 450 621 978 956 134 274 747 295 400 861 463 255 814 50 968 926 17 785 932 270 894 12 292 984 536 461 102 499 417 109 752 490 638 944 966 770 603 255 437 922 487 477 209 563 273 31 372 586 91 558 392 963 462 183 415 848 535 397 25 707 184 444 22 73 994 873 404 559 929 993 947 361 
928 959 415 16 15 466 662 292 58 398 331 179 188 73 946 89 980 481 500 880 487 341 261 241 798 689 573 908 409 950 308 941 467 425 450 704 736 67 54 285 85 921 628 935 215 604 244 50 655 19 881 619 948 656 631 941 178 273 489 497 338 576 674 325 465 829 650 736 989 298 883 749 421 39 437 734 384 215 22 787 193 842 22 316 122 925 179 291 271 871 904 493 100 462 83 890 289 417 391 18 
20 303 375 667 392 32 108 641 998 258 113 693 1 687 516 618 718 668 536 747 523 797 73 552 615 256 928 115 619 343 248 710 544 210 104 40 337 12 34 744 217 68 235 104 32 816 691 197 146 853 223 478 233 962 990 428 124 981 489 425 984 286 535 996 662 363 535 667 437 155 575 154 970 663 460 763 316 94 147 518 509 664 112 524 934 806 381 590 634 415 862 580 919 526 370 850 944 18 716 61 
422 6 826 703 39 810 214 751 432 985 684 301 535 502 963 564 12 440 711 537 778 781 334 51 40 710 538 507 349 951 350 606 795 171 621 88 675 725 807 628 265 786 373 289 185 981 655 687 394 506 716 91 651 287 242 182 971 552 95 221 301 387 727 325 140 91 830 957 51 304 672 521 17 855 23 251 578 398 886 388 321 11 100 28 509 822 578 959 953 59 368 41 617 460 253 650 586 807 526 749 
273 964 825 270 895 922 946 746 531 570 310 268 808 259 70 453 304 256 454 3 1 143 119 734 344 828 993 191 340 957 517 465 372 31 706 588 955 545 654 823 18 687 96 407 951 922 804 190 381 910 798 117 444 12 914 164 154 593 59 657 386 479 115 56 540 282 339 827 566 582 931 90 713 231 604 684 158 504 748 158 83 552 498 507 153 474 522 685 184 541 755 939 253 676 903 803 434 782 331 746 
870 255 64 410 680 360 778 227 382 110 87 230 842 703 953 717 312 170 215 671 729 206 201 794 84 915 667 10 637 969 484 282 326 158 311 904 445 452 681 733 350 138 972 837 859 561 756 4 649 570 233 754 549 806 404 929 495 166 925 468 125 804 644 706 699 642 198 251 234 562 34 842 407 589 597 436 189 544 851 264 973 979 855 127 797 540 725 150 486 996 6 761 339 928 315 235 71 963 454 388 
430 266 605 65 903 832 584 738 888 282 534 496 867 302 331 470 320 288 412 441 530 37 902 35 878 428 355 492 297 673 78 274 810 819 586 91 504 529 598 248 637 857 452 645 995 273 875 22 894 682 833 660 250 985 644 383 806 911 507 206 82 692 808 894 381 159 753 480 418 713 271 494 43 564 679 294 798 694 744 511 223 34 939 604 975 440 234 232 812 131 98 281 369 468 882 719 79 973 769 198 
467 481 739 491 714 682 333 900 795 499 393 227 940 640 572 411 416 762 942 491 583 591 345 28 486 353 742 86 464 933 652 624 181 760 874 351 347 173 959 862 818 154 552 943 604 476 690 161 293 447 9 635 895 475 352 400 1 763 634 747 865 88 304 4 240 77 51 603 637 212 685 685 708 258 915 462 472 502 374 806 406 823 643 390 61 487 271 988 331 410 470 549 465 772 214 299 330 794 616 175 
904 959 527 281 920 938 683 910 727 126 824 240 332 515 859 740 479 707 445 25 667 911 740 597 145 770 526 268 917 870 415 643 700 22 852 505 150 228 560 367 945 740 824 466 262 49 107 463 16 735 804 918 513 408 594 18 247 546 735 152 848 561 568 213 970 689 149 781 711 455 218 706 934 417 581 122 92 714 873 124 997 387 394 948 686 414 994 429 741 781 923 62 444 259 629 48 353 768 258 247 
921 779 601 127 127 211 352 793 639 935 78 13 144 159 616 802 313 506 98 773 827 905 824 751 872 652 189 866 418 979 443 676 183 960 852 781 955 396 50 934 422 198 450 746 336 995 526 346 298 626 570 251 863 264 295 378 380 28 807 876 659 27 16 719 206 590 157 149 474 154 241 642 577 361 917 195 685 359 763 545 858 16 812 551 371 952 544 744 688 275 316 845 271 62 945 430 480 93 898 430 
669 959 773 420 785 575 678 719 696 628 89 777 56 283 727 456 567 979 898 57 669 345 748 565 67 221 781 41 804 493 732 385 987 193 688 181 501 591 367 6 568 392 150 362 196 98 722 934 129 871 807 164 666 790 639 318 865 321 269 889 58 879 282 29 804 690 608 476 797 763 190 1 429 229 947 187 431 503 406 50 595 70 69 322 639 995 564 174 640 160 665 486 667 705 214 939 888 265 278 498 
218 506 788 904 336 161 600 621 224 833 659 356 732 999 605 194 325 174 533 997 992 756 185 751 830 724 854 179 472 718 794 847 923 836 72 938 504 662 581 368 279 24 865 427 237 530 991 549 235 376 56 140 290 36 860 477 827 57 107 836 948 761 908 762 848 601 692 888 613 418 249 307 452 612 375 632 733 519 619 98 266 250 918 514 756 215 844 863 251 886 541 22 402 90 956 659 777 481 494 257 
272 871 317 494 304 197 46 363 236 270 536 426 552 275 103 288 849 655 943 750 237 997 532 643 84 385 161 828 735 756 904 110 480 604 154 322 778 747 703 499 227 535 376 293 775 762 634 886 414 699 14 921 465 5 656 856 705 238 100 194 825 2 8 534 933 953 942 359 595 526 208 480 880 282 657 330 998 625 737 291 765 443 337 497 928 357 760 616 369 761 469 864 0 467 934 106 792 702 985 116 
250 167 625 4 533 695 20 577 990 71 906 976 605 359 312 774 697 103 661 361 877 210 84 580 450 624 780 730 607 619 13 674 855 132 292 556 914 942 456 484 902 675 606 972 335 207 154 455 852 354 911 859 956 361 881 958 449 615 145 797 861 384 800 825 762 182 743 882 750 872 847 368 662 615 805 800 50 659 504 116 322 822 102 831 31 903 915 559 581 881 132 724 495 197 779 231 172 982 556 982 
393 547 655 728 743 362 207 4 774 371 586 279 809 819 490 93 916 274 364 47 508 463 46 950 847 938 734 431 828 954 505 184 659 480 234 698 927 756 787 687 155 983 744 565 100 953 674 948 893 363 218 261 368 231 463 708 948 935 105 439 18 428 407 767 293 704 822 54 313 701 722 209 610 279 442 9 984 432 383 957 402 275 430 450 449 123 463 717 526 500 380 72 343 794 45 107 662 626 475 981 
538 469 692 188 410 564 32 49 871 600 689 471 809 25 0 965 277 978 861 26 702 394 702 625 714 742 173 301 902 173 675 303 324 629 649 29 59 588 449 765 176 561 96 403 948 916 47 103 694 627 674 634 291 359 105 731 587 863 813 5 774 723 485 251 398 347 745 399 686 785 750 414 395 323 380 616 811 166 348 31 388 808 959 638 573 53 203 197 498 277 726 362 964 867 88 465 568 392 636 751 
418 105 647 356 569 655 516 303 12 974 32 326 53 320 274 622 453 650 500 8 224 703 408 77 627 876 21 691 491 365 249 336 7 646 436 126 49 227 522 144 705 220 809 740 699 563 611 425 298 240 86 483 925 999 627 573 304 776 244 615 294 696 713 352 134 254 532 901 731 777 612 146 129 767 279 592 413 233 4 680 404 662 704 655 535 780 582 371 237 270 764 565 953 115 660 95 710 995 705 264 
56 871 811 501 525 697 700 451 60 162 451 810 228 435 681 660 0 30 515 710 361 278 247 742 525 20 762 118 39 380 145 672 311 143 807 35 220 537 142 452 582 478 225 496 689 297 770 41 879 101 400 623 5 472 707 289 73 341 587 461 586 369 93 524 560 359 95 985 846 32 567 676 702 677 799 674 331 199 3 751 276 642 950 398 728 668 49 456 973 68 46 723 278 137 445 93 644 585 837 690 
587 908 285 842 217 319 682 71 930 77 372 149 72 363 845 650 946 435 529 664 450 99 484 529 739 78 449 523 18 252 535 740 164 38 265 311 473 797 589 207 191 779 148 236 226 649 572 180 843 787 523 211 735 625 749 758 217 335 8 669 914 320 590 751 152 582 522 82 125 869 502 91 209 905 797 115 243 877 285 883 460 493 759 337 372 902 425 315 425 428 75 955 341 653 210 596 591 845 266 100 
605 592 607 523 777 503 597 371 169 557 174 912 300 697 852 385 217 322 368 896 2 398 26 287 154 411 570 939 218 417 287 645 194 391 894 558 150 69 717 923 902 34 168 442 795 64 539 876 439 573 633 452 517 499 589 670 985 354 816 699 624 35 498 172 947 752 556 813 208 315 445 101 114 485 931 138 306 240 140 434 517 711 550 959 464 668 612 987 546 74 898 589 937 420 395 314 232 765 752 391 
295 706 420 174 251 917 862 992 352 19 399 162 708 88 413 418 269 57 527 596 94 763 433 344 374 738 898 806 730 349 452 957 684 80 172 752 843 169 635 483 917 944 108 732 579 192 559 621 52 803 421 425 428 141 77 725 382 911 278 561 896 255 54 127 806 334 347 619 265 683 352 883 146 774 250 762 778 807 756 847 323 720 735 347 660 368 222 979 801 770 393 363 802 69 999 380 789 509 410 734 
366 962 158 722 878 951 859 737 961 318 43 937 60 610 797 106 447 829 763 683 704 899 985 939 992 206 927 916 458 627 17 394 609 878 701 549 345 666 621 555 401 939 965 987 399 719 519 621 524 578 29 133 554 793 687 121 395 218 982 729 28 930 640 839 234 367 829 479 475 23 577 288 377 488 35 116 938 281 700 685 172 200 925 184 975 470 715 150 178 417 580 296 411 873 870 716 562 197 893 342 
661 878 654 112 249 75 35 468 903 439 494 497 981 648 552 717 823 857 172 674 358 483 104 660 216 823 188 777 687 736 287 530 454 535 134 378 386 718 181 212 750 856 939 666 553 705 985 867 115 98 284 516 726 464 907 651 210 438 195 951 20 184 65 692 799 746 647 78 539 959 267 540 325 878 428 207 103 754 567 795 258 857 857 69 922 704 381 821 89 517 73 574 46 805 324 268 103 247 714 613 
700 944 747 899 942 296 473 241 856 709 913 452 893 175 356 972 826 147 886 283 477 612 894 853 31 999 896 953 470 222 975 255 942 416 119 66 536 654 474 64 651 385 304 47 819 610 829 434 935 570 286 405 231 723 620 173 782 694 348 699 164 303 190 219 879 951 613 768 812 408 646 147 800 894 596 43 764 635 747 839 520 811 644 346 294 298 25 789 955 955 986 788 610 874 702 58 442 188 198 294 
560 998 862 298 232 947 77 233 152 10 632 746 397 615 834 754 611 537 78 134 215 140 152 217 695 232 513 267 868 137 577 723 807 848 114 271 418 90 307 129 32 872 658 587 695 487 158 607 285 784 27 744 841 979 855 317 467 655 973 751 943 869 960 625 734 294 746 223 606 698 813 802 451 875 354 667 389 65 961 598 348 904 544 866 585 262 143 598 903 641 787 286 994 288 521 589 991 193 990 189 
892 515 165 581 81 589 136 2 927 287 786 218 992 207 653 85 584 615 799 204 674 132 547 519 430 899 709 537 849 543 662 71 149 814 361 49 595 100 4 712 142 224 219 513 642 454 265 696 213 29 113 232 612 290 197 578 201 804 708 573 44 865 465 253 792 233 674 351 752 410 614 555 105 475 274 483 577 854 110 564 696 559 571 802 14 258 336 160 806 172 438 896 241 360 224 920 86 781 111 886 
312 734 205 470 504 778 544 225 845 365 338 32 802 327 702 361 799 91 613 137 818 3 554 963 799 442 115 736 301 226 954 79 196 40 906 799 36 164 749 555 583 629 917 781 609 820 770 310 119 599 868 556 823 130 218 717 702 977 434 468 23 241 681 378 482 207 197 990 476 33 721 80 158 500 241 434 208 126 239 376 287 37 757 570 20 751 324 199 935 580 132 61 452 560 277 486 717 101 446 668 
376 617 956 201 634 284 517 488 68 861 613 544 773 109 56 506 617 132 505 633 337 778 211 330 490 985 998 668 834 801 373 633 136 212 453 805 700 804 840 847 135 545 595 822 748 503 196 101 903 367 897 338 516 853 93 500 195 450 532 675 467 835 49 20 165 714 717 573 43 259 427 54 736 458 698 473 841 123 427 195 709 386 371 123 169 764 555 434 95 653 374 820 711 179 203 910 718 851 524 976 
439 371 614 62 672 552 330 321 310 785 651 571 411 483 305 587 222 455 957 173 564 961 454 902 287 330 147 22 828 951 314 975 200 307 89 462 125 307 243 679 106 825 893 654 465 20 809 819 534 550 851 629 60 501 738 746 377 158 81 949 837 407 103 322 959 915 659 255 289 804 852 883 645 492 993 971 104 420 964 234 886 425 300 121 278 307 931 735 559 56 789 995 403 209 106 792 883 331 22 848 
100
900 2953 1615 6828 2968 1784 8446 2763 3640 8475 1122 969 5456 8136 9097 377 763 9938 4937 510 3409 4864 478 31 2958 1183 1508 6186 2997 1299 3224 9754 2308 8500 2186 6667 5578 6150 9638 8141 6695 6809 7603 487 419 5955 3082 5999 6370 3322 3467 4199 2357 1639 2942 1642 3780 5751 1302 3559 1020 6851 9434 2428 8339 7555 9030 6039 6676 2719 9535 4858 8903 7110 7766 205 6575 4370 7215 8760 3963 2219 1667 257 69 3883 7555 4515 1695 3635 5677 2528 3136 6700 2404 8199 6201 528 2507 9913 
7852 2137 8226 8073 2975 9434 2404 403 3421 3085 3344 1311 1022 6221 6183 1397 6601 8550 8886 2514 535 7689 2564 9196 8153 1540 2077 7571 5340 3425 8321 8745 7628 3198 919 4819 471 3901 9350 5776 7380 1021 1205 9242 7268 7752 704 5818 4471 7342 2782 6913 8514 8067 1394 692 7344 2980 2447 2919 1286 7856 2607 6782 9756 2212 7941 7840 2424 3463 9634 8653 1805 776 4581 4481 4036 4837 2118 1049 7593 5645 4053 8086 3322 3287 334 703 8908 149 8160 4028 8415 5492 238 6529 6610 6405 4742 6215 
4249 9441 8560 1313 9742 9703 681 1901 7671 2794 3281 7338 9575 826 1553 9353 7030 1935 1825 1175 5205 5853 3449 8089 573 3604 3126 1513 264 520 1888 6433 3603 7681 170 7061 5633 8835 1833 1014 595 848 6856 4259 6487 1164 2027 5907 1183 5426 4275 6769 3828 2118 434 6935 458 2298 3615 1823 2485 4677 2300 7925 9756 7936 7238 8528 1918 8419 9949 3203 8546 2752 8709 4111 259 2461 7339 348 1708 776 2060 7015 8224 7414 1891 4270 6845 4509 3857 3034 9202 2051 4018 6460 1454 7255 1277 1067 
4123 7918 2060 2797 2268 624 3438 8516 3586 4196 4473 2683 6773 601 3828 4161 7073 9431 1875 6741 3519 8773 6436 1747 6038 3964 2970 749 4593 5516 839 6590 5778 8782 5856 5995 4119 3882 9916 4587 5021 5065 5533 4792 6163 4813 2498 1478 3216 608 7868 5636 343 3690 975 5585 2777 3719 203 4145 7307 8201 2140 2496 1802 602 8607 3638 4237 3076 215 7691 5579 212 2206 5965 1900 1692 8655 6031 9188 1529 2468 1348 493 6228 299 5965 8899 3836 815 1872 3814 6388 1204 9978 9580 6025 9938 3973 
534 1592 6214 2525 3204 2301 2373 5663 4858 2350 2691 3140 8917 7529 628 9981 2153 7884 1504 2559 813 516 1628 9329 6106 8455 7254 1251 7887 3077 2897 2657 2536 7340 226 9272 0 6604 2426 5225 6453 7964 8198 1916 1563 394 2419 6742 5124 4056 422 8830 1854 7477 7979 6556 5021 1145 3787 2323 5195 4533 4580 7218 2013 9370 8836 6373 536 1450 7717 625 1412 8076 5808 9727 4911 3891 3035 4248 6981 209 8853 3731 9519 9352 1395 1003 6409 1266 268 1924 9673 2385 8274 8127 2348 2329 1826 1596 
3539 6077 3182 8015 5007 2295 2120 4966 1976 5468 18 2522 8612 9103 5636 2773 3766 9989 2990 1987 7733 3993 7662 8108 3647 2305 8548 2192 4702 5393 1556 2660 1897 8942 3340 5420 3054 294 6935 9817 9935 1789 8801 6229 8682 1867 5580 9725 8717 2453 6226 9007 5930 4568 8444 7187 3608 4718 8930 4703 8010 1642 5284 2149 963 486 8905 1040 7450 8415 9861 1951 7355 1503 7168 7441 1934 7995 9461 9378 8188 1790 7993 3429 2319 1062 1053 3730 1273 958 4228 1745 56 8684 2841 9832 3016 2059 1867 2178 
7866 9228 6474 1137 804 9704 791 2869 9192 1513 2327 317 7385 9498 9225 9565 5996 7147 8200 6097 2524 9882 5442 657 9168 9727 1722 4805 1729 5303 7643 1851 2822 1971 1086 1558 5474 5169 7694 3866 3521 7579 5194 6614 3982 7983 1514 8064 1065 9328 5798 3671 1864 8490 388 2341 4219 6347 2000 1651 6004 0 6769 9410 5847 414 3977 2263 9022 4195 8252 1959 9600 5883 6117 8900 2579 2711 1574 2518 8783 1403 4031 6861 4565 1303 2001 645 160 184 1411 4283 3371 5152 9364 7152 9316 9460 5234 556 
495 3988 731 548 9885 7248 6354 3295 1934 1752 8468 3926 7109 3845 4587 1562 4524 6519 6642 1290 4184 2943 4730 9333 6589 4510 3437 2012 7845 1308 8146 6460 1405 3741 8513 7675 145 2562 5895 2480 505 6236 6379 9624 5620 8886 2353 5767 5332 1556 4719 172 633 4694 2703 4456 2579 5505 9349 31 434 3760 1969 9328 193 1863 7335 4322 6691 8313 1773 4623 907 2666 7380 2662 1666 7127 9259 7419 7509 276 4528 5058 3325 8342 344 3868 9652 4787 8114 2961 1092 215 2999 6767 9458 441 820 3345 
9147 1052 8683 1683 989 7834 3127 725 1449 9230 431 1023 8504 1297 2252 3893 2156 9624 5870 42 1352 8219 4796 1657 4370 1369 3499 177 8728 3546 4946 9473 7681 2933 3899 2181 7222 9444 395 7840 6177 6997 8038 9339 2692 6914 6429 9260 5868 1570 4537 6474 8152 8113 653 7152 3669 1822 4471 6448 9996 7236 8039 378 1310 1708 7891 1821 3006 4416 9386 9277 368 3986 1912 1686 4145 5870 713 2848 2679 3886 4801 7683 1914 8765 6523 5117 164 702 1185 6258 6645 8478 9084 2835 1289 5191 2636 8402 
6974 8886 1578 1108 1856 431 7228 7336 8327 8895 1113 2056 5189 8035 9390 3678 6968 919 5600 5865 8343 9969 4882 1311 1755 6224 3881 6564 491 6799 3310 748 6380 8206 1876 7886 1784 8323 6828 427 5935 5932 1525 8925 8236 3848 4231 6562 1802 1767 6194 4347 470 2720 8306 4336 2566 1410 4422 3159 4026 7244 4897 405 946 6944 7536 499 4609 789 5054 5044 9057 605 8197 1831 8278 1223 5061 1160 1831 486 7274 5692 426 6577 7401 9085 1551 5883 3978 1618 8625 1142 8349 5474 4552 6116 934 5546 
2562 8255 3291 9070 6707 1290 5264 7629 6778 1191 816 6088 4935 9930 7391 9667 4330 301 686 333 2573 6246 2015 5581 8789 406 585 7853 773 5955 9566 3196 1187 2280 3355 6943 7599 43 9215 2279 8513 9312 9168 8217 7618 476 219 681 9918 2717 1578 3880 3657 2776 2043 3329 2336 7010 30 2158 113 5907 3279 2096 2109 8952 4101 3055 7372 904 1658 6383 4338 9514 9293 8211 8849 7877 1780 7782 7167 5479 6069 3784 5290 506 3767 549 4857 4068 2148 2333 7236 1870 2578 4463 4727 5495 7587 6663 
1362 1593 6553 714 2885 8557 9102 4991 4523 939 1523 193 7668 3077 583 7890 2120 8148 939 3106 3560 4754 7299 7809 6503 8954 2015 993 4521 9197 139 4207 3530 9047 5748 691 6098 3265 780 4037 232 1080 176 6243 8021 8365 8584 5073 1259 3630 734 8736 7894 2310 8419 1810 1969 1489 2334 1485 4747 178 9590 1454 3067 4952 6211 6368 2002 1598 2480 6316 193 5538 195 9971 907 1497 6735 5227 8444 1329 7146 7046 3385 1110 4411 5817 6314 3017 3863 379 1974 1390 4204 2429 6094 4677 7261 5209 
6396 6044 8319 6589 6621 4163 9779 4522 9549 5456 5974 6504 1874 7603 7589 589 1644 60 149 5102 219 3532 6513 2292 1617 4154 2053 4947 121 39 3339 9319 5625 7459 6692 5104 356 4322 8858 7679 483 7129 3203 849 9445 5262 3528 3788 9284 6431 7543 5960 5754 2241 6390 3712 1332 9852 4409 2313 5126 4836 4005 8210 4879 9532 262 1436 4703 9830 8638 7403 790 2398 9599 8462 446 9096 2619 8476 1771 3095 8938 176 1922 7567 876 8534 4856 7165 6815 1622 8013 2086 6707 6033 4360 8781 9356 649 
7125 953 3752 9062 3629 1046 9538 3334 3860 4811 6566 3893 2344 220 3717 6093 4648 4384 6316 831 9236 1446 784 6531 7076 8484 5708 4349 3116 4560 4111 8832 4782 9938 1184 4359 7168 5689 4435 482 8367 5629 7728 3918 7556 9110 2 3080 2326 9547 333 3779 4832 9805 9332 647 8613 2709 5930 9357 5201 1819 631 3097 6226 5481 269 3479 1191 3471 8908 5945 4040 5688 6355 7071 7270 5597 1879 1528 9203 824 6745 729 2549 7724 6979 4140 2007 9891 7411 1898 6289 1112 6524 7115 8010 2726 8233 5709 
7723 5440 4611 1252 3413 1107 6741 6513 1894 3881 2173 4550 296 6271 3414 6905 3834 6281 4213 967 179 7141 2544 219 1524 4749 2597 47 2541 1569 1882 4978 403 9940 3633 1722 3185 7222 9375 5580 7916 6530 3516 7354 9244 2088 1629 476 3447 3854 257 3346 6368 8019 8841 9977 3200 4484 2236 9308 4692 50 1449 5389 7880 916 5102 2004 9745 5817 1560 2247 4065 7872 6204 635 9383 9228 5030 1482 2229 9954 1376 1749 4582 2533 6166 1468 319 3828 951 8875 6261 6497 6750 2919 2112 7910 6881 3930 
6415 5124 1258 1899 6220 6140 7573 8882 977 2321 6841 4602 6027 8621 7034 440 7453 9907 7806 2395 9032 4661 2367 980 8746 151 7185 952 1141 7763 2804 1427 7906 895 3243 6255 6965 6860 926 2070 1219 5216 942 9157 6769 5031 8199 7473 78 1349 8330 2334 4964 1695 7772 1646 7803 6698 5577 3047 3551 5684 8205 1144 6931 4258 5716 8284 3269 1161 3840 3968 4228 3746 796 7410 9696 4423 4575 3627 1712 1747 1266 1039 2586 2474 9957 2385 3247 9347 4335 4636 8468 9711 9925 3520 2056 3861 3693 4522 
9875 3004 4324 4903 3820 189 3292 730 590 7639 4601 9004 8540 7973 1422 131 9682 4606 3220 1271 7358 2219 3755 3024 8334 718 772 5556 7084 4800 2846 4448 9303 4715 2959 5156 7972 3274 2134 7892 1317 2815 3759 1964 9209 3347 7030 1413 1813 9603 591 4629 9344 1416 6485 1227 6133 9639 594 9739 7204 1387 3967 9415 2922 384 7996 4335 1587 3714 6146 7849 5981 9221 5191 9125 991 406 1442 1323 617 737 9375 9814 9806 6724 293 8596 927 8548 9670 4046 2842 4383 4663 8182 2643 770 4721 3071 
6497 8668 2040 8657 301 3426 4618 8124 3622 900 4825 941 2744 9648 76 2431 4574 2678 8067 4660 6790 6812 2554 1317 277 994 5968 4149 922 3928 7160 4716 9767 1743 1647 1315 541 366 5423 3164 3767 3030 772 8756 9226 3576 4702 7419 3643 7493 5046 9123 2177 9398 2532 1575 6557 3182 8496 3662 760 7980 5303 4720 1548 1301 6384 5928 741 7809 800 6698 5017 1445 5227 7896 3334 9826 3996 2432 8394 1371 7127 792 2249 4108 4397 4172 1819 6585 752 6631 1236 9413 647 1248 2760 6613 5555 2775 
1022 3588 4371 6673 660 8312 950 6128 4420 8532 5744 8918 8213 8191 7022 8651 9317 1573 1677 9485 1430 6061 3591 1448 1974 4779 1728 6263 179 1703 6352 9545 7583 1133 9570 7591 2609 3942 9660 1396 2380 8199 5392 9350 8339 9353 867 789 5165 8025 6635 610 454 5681 2991 2842 3142 1766 1977 2747 8582 1507 2783 5797 6096 6710 259 4980 8007 633 4359 6286 7655 4628 8197 4456 9245 1633 8846 3774 3194 9760 3041 9970 5348 8732 46 5717 989 9822 7403 1940 1368 8481 5048 8500 9386 9413 4574 2625 
926 2664 1469 5252 2300 1986 2614 1523 8330 2095 4566 7741 4578 1442 629 1014 9494 2184 973 2384 2306 2299 7215 1643 1634 8761 4626 2030 2516 3940 9389 870 9598 7994 6999 2926 5075 4504 4141 6096 1618 1483 6756 5771 3807 5031 6176 9910 8743 524 7108 7027 4430 7077 2123 7912 2171 4931 9190 2634 3862 7818 3078 10 9184 6569 4845 8581 1892 2016 8704 1974 5901 4221 960 5583 5913 856 4122 2153 332 6384 9371 4008 8008 3173 1575 5058 2699 1559 460 6737 7881 1406 2755 2438 4539 2012 1255 8897 
3672 4417 6505 3982 3828 2253 610 9538 9239 2075 1482 1495 3967 7148 2105 9556 7000 9665 9293 1185 1562 2429 9116 8170 9572 5130 1498 6033 4680 2699 364 2425 1879 2738 9246 6272 7742 1204 2562 4636 5441 1913 8474 2713 743 9416 9240 82 3142 8466 2195 5423 7873 2238 4349 9869 4479 549 9428 9700 1086 686 8661 7893 4055 9773 7367 2947 2452 3144 4951 8052 6719 9195 4048 8839 6989 700 7054 1096 4251 4321 1475 7921 9367 5968 1545 7716 1458 6519 7096 6135 3861 14 7754 8670 8290 4985 7278 4671 
4156 2130 6571 8834 1354 8343 1429 6696 423 8800 9716 6590 4222 7572 1523 4322 708 6748 2902 9461 5446 4728 4864 3521 1109 8401 1603 2764 3215 9598 2425 3134 8752 1435 4100 6208 9865 3847 7041 6901 2927 9660 9282 1357 9191 1397 6539 9592 9025 9691 6813 7496 3618 8000 3522 9370 6791 2784 2056 8359 6311 5972 3922 1045 9064 8009 6571 1267 7156 5793 1580 2789 1613 1209 4623 5901 4143 4570 1157 6955 2837 1891 182 4390 4767 3687 8135 3915 98 7619 3313 9974 7296 3764 8223 6607 2074 790 2599 2518 
3140 7103 7245 4257 2216 3357 8037 5365 7373 397 7048 5124 360 4126 1640 119 8228 4741 5271 3948 7150 2739 229 609 4740 3764 9449 7346 0 7929 1458 3102 3808 760 2206 4993 8472 6929 8634 6766 4953 8853 1851 2139 2275 6387 1101 994 1113 2483 234 1748 8228 2726 1709 9601 7755 4061 3223 6278 913 4025 7538 6342 160 883 3365 1404 2741 4734 3415 7295 9035 4442 9175 1527 5117 649 6363 9040 6614 8295 1527 8924 7771 1382 2849 6462 8764 8343 2211 212 886 128 4816 196 4812 8890 9131 9227 
4312 4330 7268 1553 9548 4499 6900 7841 654 2570 8651 8152 8468 3626 4696 7036 5451 1721 2793 5343 735 3131 6739 1443 7382 9269 7924 1728 5389 9028 2183 9685 4936 1423 4665 476 2500 4730 7178 9424 351 7021 469 9635 954 8293 6787 6971 2333 441 6876 572 9948 7775 9712 1597 4793 3696 1078 948 8362 1145 2867 5026 525 3700 7965 3479 4441 3670 9824 2877 1526 858 7745 6664 9968 4942 5281 7873 6408 6221 1716 2815 460 7229 4466 7783 7208 2105 9150 5269 2444 689 6869 1292 3919 832 1882 9082 
2469 9919 7232 8592 9502 4617 1526 5360 8111 6287 4698 9911 8132 6956 119 8446 710 9275 8609 8139 2873 6872 1059 3981 730 5940 7543 5545 4887 1709 9014 446 2527 7677 9456 2448 988 3586 2446 947 2366 3406 5525 1509 9354 4224 4478 2945 3074 1763 8485 4593 2503 661 1918 1012 5788 2474 9743 337 2893 3362 4314 8139 5567 1209 6361 2421 5162 3965 6255 8824 7493 7445 2524 418 4385 4352 2305 4737 9848 908 6405 4561 8199 1512 9191 7698 4570 9772 5366 7549 1559 343 5085 2904 5854 8681 3778 904 
2591 6706 9362 9031 1565 2379 6421 7111 8929 7348 3464 1349 5569 2989 8954 2017 1763 7753 7158 5550 9037 9072 6739 1781 6975 9188 9289 7358 963 7254 3509 7921 6307 6442 7758 6249 3196 5016 9449 3083 8386 5204 1242 7719 5317 2656 1452 1964 1922 5857 755 5184 4460 2751 464 6960 1084 1809 4468 1524 4551 5225 1625 679 7967 2555 2557 5334 4317 3300 7040 3623 7853 3592 208 8956 5786 6316 723 4888 4332 7046 5574 161 9423 6018 1875 9734 9367 406 6055 4531 5280 9256 2933 8483 7226 2574 9989 246 
165 9703 7202 7811 6585 2936 1123 2046 5914 9817 6791 7838 4346 8993 8486 377 287 4143 581 545 7622 8091 1834 3987 7896 7772 978 3356 5133 1548 1408 655 3758 2297 2838 214 767 7340 4328 1381 3484 767 3951 6117 8707 8587 2556 4207 5027 768 6622 6390 2419 2729 7477 6603 455 334 808 3883 9662 971 3284 9804 4191 4754 2197 9192 9045 7357 5290 3225 6825 2374 772 6053 9391 9162 7664 6364 3859 6827 7078 6992 6182 5862 8240 963 1555 9333 3438 4136 5719 8789 7209 3875 6641 3578 5656 1362 
8694 1057 4592 9552 2039 3446 6254 2232 6999 3272 1578 1735 3080 4394 4996 5861 2102 8251 7266 8597 342 9992 4158 4746 671 2160 7129 9228 8522 8105 1700 9900 9447 4657 7937 8677 6849 8392 3669 8564 7362 5452 2721 7081 5065 68 7697 7533 3691 2641 2821 2902 9271 7601 4222 4602 511 230 2107 1329 6100 503 948 701 738 9126 3382 9086 8444 1682 5025 1681 7704 3917 798 9337 9966 1584 5702 337 7997 2686 1055 7457 6879 5815 9159 847 6462 286 1862 279 6183 8541 9359 8990 622 1878 9639 3908 
8402 7853 6602 2008 2178 8869 4474 80 8480 3976 3801 857 693 9564 2169 7708 9477 1122 7697 7186 1140 2672 7395 1897 8890 7281 556 2711 2387 2315 2236 3678 3306 9810 7879 993 7399 4187 6459 8294 7382 643 5522 6700 1610 8129 2554 3743 6689 74 2836 5578 9626 340 1434 5564 7653 5692 2436 1903 3482 7980 4589 3572 5820 6055 9841 1107 4143 5735 121 4834 3992 5049 3131 6499 5812 9687 5420 8595 8684 4823 6311 6240 5623 2065 5219 6379 912 7271 7167 3790 1049 6704 8001 6176 6385 2390 2208 5846 
114 1361 8414 732 8942 9026 394 9909 9755 293 1861 1632 1708 3121 1364 5947 835 9233 6181 8540 8724 1112 7349 461 3627 1 6129 5944 1520 2981 1740 9732 7177 9825 4944 1662 3409 1702 7049 4843 9592 4146 862 7933 2556 16 4433 6964 8358 748 4105 6423 8919 4681 2622 1188 2213 3062 4981 276 8289 2062 5628 5538 2427 1871 5673 5165 1880 5037 9870 5772 1171 8504 991 1682 5793 8924 1767 5347 8217 1960 8360 1813 9876 2737 1361 7338 1969 1367 8453 5677 4301 6695 5338 9835 1585 4691 8911 1732 
9388 4896 3297 5425 8962 3230 8704 4473 4837 8861 7278 8175 7363 1902 6199 5598 3280 2871 5143 3000 4982 5772 2793 6058 3242 2314 8300 2981 65 229 8091 953 4275 6133 7116 7554 2671 8476 40 8071 879 3371 7453 785 2445 9894 2769 1609 6901 1045 5352 1589 8573 4653 2136 8277 2115 4414 8987 8056 8518 4109 7300 5364 967 277 6006 4166 8929 8074 1697 583 1191 9903 9214 5072 4269 632 2797 5551 6282 6050 3804 2010 3149 66 203 2755 157 1323 2303 7469 677 8404 7444 9374 6128 617 1686 1062 
8529 5072 5489 8591 822 431 983 8421 3341 3565 8898 535 280 6742 9355 4190 9886 3283 1371 8398 994 6969 2959 1884 1048 7168 7313 2031 804 4343 7381 7833 6421 8966 49 2247 899 837 2689 2007 9861 7355 6041 4314 8294 7577 4060 9082 5816 4792 2365 446 489 5344 3333 7452 9990 907 3588 2558 1053 5945 2283 6792 2791 1237 7433 7416 3094 5991 228 5263 2651 7116 4314 2048 3036 5843 7017 8662 3204 7065 9500 4315 6123 8808 8375 6886 327 9339 9765 2052 707 2741 1551 9578 9215 9811 9280 1834 
9624 7439 9303 1413 3001 4406 4461 6304 6066 1660 520 8697 1241 3487 2511 59 383 9785 702 6689 7348 1402 2764 9016 748 421 2923 3320 4195 9065 2352 7876 6016 4020 516 1936 1895 5539 1274 1522 8417 3516 5602 3212 511 2192 717 681 9069 3531 2738 6086 2196 2478 9088 6595 6098 1968 9029 1706 8702 8128 1295 8095 1110 7405 7041 2104 7243 7738 200 2319 2736 4428 3103 7254 1295 4997 5791 9979 4061 903 107 3628 8479 9937 363 8108 8828 5966 2310 8375 5093 4270 5878 4146 7059 4868 5255 8214 
5583 2978 4577 5183 2216 5778 1526 6896 3568 5703 2829 3002 5016 2819 2704 588 2269 4826 3331 8748 3251 2134 8406 1831 5426 5053 2685 630 1021 9280 270 4818 1450 6917 7323 4009 7823 7319 6416 9233 4234 7325 3743 1133 4901 1336 3626 4798 1031 177 2625 1115 2526 9186 7229 3299 1451 8947 1724 1250 4543 809 8702 7491 773 7194 6479 102 9375 564 9286 2386 1590 6558 5565 8700 2764 271 242 5113 6389 5470 9693 2448 4821 2505 4659 5027 6315 3642 2586 5423 1406 7991 8670 5602 6407 7897 5204 2174 
4464 927 3150 8267 1931 2084 3214 9137 2662 110 1422 5877 5197 2169 9406 164 2688 2003 3615 286 2855 8809 9985 1669 8708 9426 7032 6775 904 2330 1780 807 3992 3890 2528 4275 7409 1798 6731 3282 4730 335 2006 764 5705 5418 6222 782 5384 3192 4682 1677 3609 7800 9287 379 9624 2082 9378 2425 3744 245 2373 1228 9409 7764 678 4371 2641 7275 8508 2151 5184 9865 8340 8931 8624 2345 2483 999 3780 2721 1020 6216 8040 3182 2677 7658 5107 223 37 2224 8568 3378 2736 1603 8243 924 4055 5234 
9170 4845 3289 1401 5249 6611 5502 7797 3290 3758 118 4918 2061 8996 3453 8550 7005 2277 226 8713 4955 3713 7609 6870 1479 2681 3741 9205 5796 2884 6154 5641 8236 7283 9242 8559 2228 9623 7309 1336 4272 5217 8943 8516 2186 8794 2613 6047 6591 548 7128 6161 6746 785 3893 8080 2742 7251 4148 1481 686 451 1976 7087 2471 1045 5814 1331 6737 780 1849 4548 297 5962 6662 7944 2195 4491 5099 4332 4278 979 3693 25 5832 9733 2195 1368 4012 9238 7837 7752 376 8801 6953 2093 6972 4571 1414 2058 
7168 4794 410 690 4254 7218 562 1228 2368 1296 713 8357 4474 234 2586 7738 9179 6151 2857 502 7713 1707 8271 281 1803 7638 6324 9738 994 8286 1267 7726 7994 6441 8552 1274 4261 6655 5820 3797 138 1711 1829 5793 6820 4194 1591 8604 5997 6765 3888 7506 2125 1403 6803 437 6286 570 8531 7359 722 6292 2946 2727 4230 8865 570 4371 9832 8395 9964 8493 7944 2146 1256 873 6811 7953 9148 9334 9878 1137 3104 3731 2457 5356 2673 9763 153 8501 748 7780 2034 1910 4686 6093 4205 8042 9498 9078 
4639 8540 5642 2796 3234 3535 537 3317 2408 5824 7745 1280 1116 8889 1521 3249 1916 8744 1937 8908 3044 7935 7192 5920 7740 4908 7070 4262 6790 12 7102 7210 7584 2412 3390 1593 609 2416 8258 2171 4033 8567 3293 5972 9929 5247 1658 3925 9566 8725 1307 4232 680 8208 5279 6652 4808 2575 5801 1085 4169 6415 2191 2680 8965 9009 560 1645 4139 3692 6201 1974 736 3391 4058 6807 469 8266 308 7415 6935 1677 5382 3966 3788 1488 1161 1407 2668 7573 1704 2280 1838 1723 1236 9351 8774 6549 695 2656 
3979 2331 7655 5516 1261 2254 654 4596 4038 1601 7463 862 2480 5959 2811 8215 1944 5544 798 2642 9378 2856 5187 976 5838 8777 7751 3184 1161 7999 1388 665 9126 596 180 9382 4046 798 8818 4785 6950 6206 4619 5203 1585 8075 5666 7258 5269 8206 5045 1068 8226 9518 82 476 5520 2175 6750 2859 2744 7 3655 7424 8054 4657 1768 3947 4461 3878 2173 2998 6060 4168 4776 2397 1024 2048 5603 6016 1658 5675 4567 1190 6658 6177 9805 420 8012 3191 6450 847 1530 2901 2560 3790 850 7977 219 7844 
2034 8333 9465 6732 7073 7639 9670 8197 8343 8352 4934 6816 7856 1448 8764 8536 9052 2360 123 8930 9291 7623 2107 644 5224 4529 2127 795 915 6852 6532 728 3219 1917 6252 891 700 8835 9772 1074 4173 3906 5555 9395 1149 4619 3004 6889 9480 2346 4693 7692 3108 6873 9409 6772 1225 9187 4891 1342 3888 8714 444 512 9706 4365 1519 2250 3733 1108 7059 1597 4379 4846 7249 2593 3835 2654 6926 1057 3404 6865 5059 4106 9295 7939 3852 2005 1093 2083 2349 8512 9793 2756 5963 1667 6270 165 3834 3297 
9044 2339 9475 286 8983 6524 9385 5425 2593 312 3372 9642 1522 324 9581 4677 2693 655 6899 5679 6084 5945 45 24 894 9304 5833 6922 1224 4716 9653 90 1746 8774 2004 4220 7708 741 9219 7083 3576 5185 2220 2265 3153 9115 43 6084 9757 7684 3215 2619 8847 7181 9715 5471 5536 1519 8766 7261 3199 2636 7783 4394 5798 2262 61 4272 4431 1279 1895 3097 7319 6000 9319 1273 2850 1614 5044 2417 1951 1754 7272 1440 4493 1415 1607 7389 8142 5393 7745 7459 4363 7757 4922 2620 5704 1947 6104 6801 
9962 1139 4908 7472 6598 8783 9253 3872 9323 2645 3841 4097 4051 3961 6742 1783 5062 3488 7696 185 8144 9751 1724 3316 2740 3125 7348 7510 2049 8110 1323 9192 7572 1466 8108 5019 270 2389 8110 9990 2679 712 5275 30 9682 8232 801 1544 6755 7454 4008 139 1055 3479 3925 4426 6051 1005 1998 3056 424 8325 111 2620 1925 6458 6461 1792 3269 1274 713 5044 8251 6303 8839 5456 1939 8561 128 2410 8235 3819 4453 2013 5698 6603 3541 3099 1711 2877 2624 6819 5269 3002 1132 2054 7382 5693 56 7415 
5542 2726 3392 9314 5537 9123 848 8559 8303 7308 1372 7094 2326 2301 5296 1364 1441 6441 8499 8207 4065 3901 9169 6535 8801 3683 90 5182 2462 9033 9637 4457 3110 9633 1209 263 960 8090 1037 9393 4029 4127 2685 3795 3245 9070 688 2235 5429 5915 1001 2415 1615 1222 2859 7347 6547 3674 7584 6251 917 4488 2763 126 2543 4948 5197 7452 640 5805 8725 2657 2149 9811 3723 2810 3207 2276 2671 2231 9189 776 6445 1106 9795 1198 8340 1808 7347 2950 4023 7765 5124 4816 2116 6269 9256 4453 659 3160 
2090 9621 8353 3221 4543 9680 110 1618 5820 9289 4563 211 953 2376 7272 8993 9269 3871 5381 8805 586 3247 5784 8790 7154 9227 1030 9374 8137 5069 4405 6228 2517 568 6713 598 3636 191 1741 2564 8853 1156 1413 5829 3338 2130 1890 6276 6555 6799 3334 5707 1727 4669 3512 1107 8775 3376 2426 8875 8459 5477 6441 983 4361 8896 4021 6171 2395 7862 4482 5176 5305 909 2317 7221 6734 4288 4675 4178 639 2920 9439 8985 1242 5687 1058 3063 5915 7671 1576 538 1733 8259 1048 8314 3151 6836 4541 1500 
1564 2046 5699 1077 9568 8028 1491 6092 2080 4233 9811 484 2969 8224 6055 2520 8451 6535 6541 4024 4199 3432 9944 307 3855 528 8474 4597 2414 299 3192 5555 6272 4928 1497 148 194 1208 3807 2626 6389 9109 9145 5697 3615 4081 7896 2064 451 4117 4048 1614 3410 3963 273 4303 194 533 6007 2767 9838 4415 7247 9173 3886 7058 3948 4988 3736 5595 952 3342 4455 9964 1566 6882 2347 2146 4792 9080 417 7095 1940 1714 3029 1784 5965 7749 2197 9353 1367 4016 4504 9063 1866 605 5086 9054 4931 294 
5369 1085 8039 7705 4381 5143 4698 2126 8628 9451 4464 1369 2070 5270 7313 9532 9463 3095 8306 6047 160 2595 2081 7794 3490 2267 4561 2737 6633 1595 9528 6249 7198 1252 4229 4283 351 1356 4901 7774 6083 3316 6983 4138 6904 8506 463 5763 3280 1616 5401 9234 2156 9773 575 106 5271 6803 7964 1401 5830 961 8785 6830 3790 6121 4871 1818 4326 9844 39 1194 8031 1973 4775 5540 8034 2267 8726 2127 280 1979 8777 1992 1264 7694 7383 2451 2476 1895 7058 5998 7757 4567 8023 1500 1105 468 2136 6465 
1577 5751 3943 3545 1952 8406 8150 62 3577 2082 8173 1370 2120 801 6780 9177 2180 8766 7937 115 7435 1519 4716 1640 6342 1591 6834 3516 335 7214 6079 6246 689 1518 4718 4244 7790 6511 2542 7905 4967 1845 3613 7257 2919 8376 8408 4748 2912 997 4711 9410 2171 7795 8931 5310 3290 2344 2473 2694 8529 2333 1875 9362 788 2415 6437 3730 6882 2168 5733 5605 6947 2750 5822 7351 2029 9753 2247 5610 3709 9691 6144 7673 5637 4827 7276 4169 6384 4434 4774 8801 7966 4410 1517 3116 7084 2084 1905 6236 
259 6009 627 2641 4805 7123 2616 7466 9123 893 4767 7771 6434 1288 4947 496 943 1471 7986 4480 1185 6605 6767 934 7854 2318 5957 7756 9793 6995 973 4249 8650 4042 8018 365 9910 1822 2243 1674 7408 8042 329 182 728 6756 7033 7262 899 7496 1644 5452 9332 4897 7453 9212 1562 1376 195 8172 7977 8150 1152 1282 1405 2564 5512 7539 1404 2069 2758 3376 5948 2826 108 6435 9542 967 5354 1147 9705 1884 3953 5397 241 951 2872 9244 2153 7815 7118 1122 1246 3220 5297 1871 8646 8781 6911 328 
1746 8690 5419 5924 9040 4388 5938 9228 6372 3321 8830 5281 9559 8372 5738 5570 2176 2005 5032 429 9619 5389 1968 3542 6983 1637 1161 1575 3581 1887 61 9543 9469 9804 2984 1997 2371 2784 2001 1430 8026 1587 2348 7654 1287 1609 7407 6331 5642 2596 7444 5960 5345 1529 639 7009 1421 3968 768 9746 7416 288 3467 629 8119 4667 6950 2532 8557 5589 4834 8859 7393 6363 606 8978 2641 5458 24 986 5526 5629 2357 4517 8713 5651 8612 507 1335 3615 3182 1226 2753 6074 752 9213 87 9831 7548 9488 
2679 1293 4397 899 2368 8314 3194 990 6603 8534 2541 1940 6188 6838 7987 8571 7734 8082 3718 4891 8509 1273 666 7412 1888 6084 5126 21 2774 7448 2052 3082 3975 367 4698 2646 9695 3705 5049 9217 2015 367 5189 1780 6373 7561 9590 1619 109 6672 7215 8425 9111 6006 1454 5195 8507 837 7683 7957 7963 2502 5396 90 8616 2499 3168 8299 1127 7167 1539 7445 8484 8004 7161 7727 7064 3660 8390 5412 3240 180 4406 9551 1550 2478 8048 8020 4300 2839 4640 5335 4142 2809 2325 5543 9695 1057 4056 2234 
7263 5091 9535 479 8707 3868 4465 4416 8093 7673 1579 1031 5918 2118 6786 8578 313 2650 7225 4826 9578 8273 101 9104 4183 1785 783 2729 7238 1393 2267 3468 9247 543 4647 2457 611 673 997 8349 9837 3895 620 9507 2168 2447 9900 461 433 9616 6193 1107 4350 8075 2218 8091 8735 5678 2986 8729 964 5307 2286 8425 6000 1114 3985 1931 9052 4810 3005 8974 447 7757 1250 8433 1868 7573 2716 326 5789 8233 9200 7847 5551 4093 5334 4061 6221 3569 9886 8879 7521 9352 2028 8168 5289 2763 6166 5084 
3047 1887 1856 4844 4155 1989 4101 9192 5668 353 8249 7941 9733 29 6461 2592 7045 2927 3379 657 6681 136 8402 5074 4950 990 684 5634 2658 8748 3006 8053 4074 1192 6807 1919 1274 7686 7917 5889 72 1163 8477 4947 1 1061 6929 5603 2392 7625 5399 3389 5164 4588 2495 7467 6522 9670 9173 6702 6963 692 3361 766 5008 9534 6699 6334 4354 8776 3570 9188 4046 5756 6654 3160 2106 5751 3828 6474 9313 7683 5563 6249 2797 2806 3789 1697 9670 1289 4160 1893 373 5819 2054 9710 5646 7399 1025 6098 
7566 9251 7275 3544 6256 2938 6693 1803 9335 8589 6350 285 2455 4581 391 4030 8484 7964 9252 2733 3216 957 4037 831 5599 8649 2646 1325 1022 8956 6100 3858 2851 8703 2914 6134 6758 6895 394 1973 1056 9662 2423 8676 6163 6248 4290 4 4442 536 748 8263 3986 5772 1244 1619 8666 2070 201 4149 2023 5893 1659 2439 5467 2324 1405 693 2534 9329 9141 9405 5486 9121 1479 8774 1707 9826 6790 3778 1734 4897 2716 8070 7427 3741 6109 3161 3372 9035 1287 2203 7537 3579 7021 2073 1213 5370 9636 4750 
5802 2858 9437 2780 311 5488 7221 8731 4521 6140 7001 7905 6432 5486 7262 9123 8684 391 1311 74 5136 8094 5672 7770 7845 3828 3859 9327 1969 5930 3233 5785 170 7617 2908 2649 2070 114 3786 492 2501 3535 4692 6808 5153 4041 3528 485 2596 9396 2956 4382 4379 632 164 9687 7386 3210 4501 3713 4624 458 2091 6141 636 1886 1832 4205 608 1647 2350 9793 2165 4033 1983 2320 6128 3433 2163 9477 8163 4715 8426 9980 4839 866 4770 2285 5832 9203 3627 4921 4913 5475 4841 5346 2970 1464 9770 7280 
6319 7102 57 5089 8035 3340 3346 912 9829 9366 4246 8906 1314 8452 1298 2637 795 8610 9307 9218 1480 1273 1037 8972 1884 334 6084 7793 1563 5833 9242 4649 138 9097 2786 1397 3255 4679 3908 2001 5576 4840 667 8141 7672 4695 4731 1064 5375 978 8487 6862 625 8099 6114 4837 6826 9985 1924 5058 4968 3688 9583 8193 9082 311 691 1988 3431 2185 5615 5803 466 1223 8280 4805 9789 9516 4239 8614 3948 8984 2366 5386 5419 7576 1667 3353 5410 6678 7201 812 9736 173 8019 7199 7942 3489 2658 3927 
5565 1980 1065 6549 7674 5483 9911 315 1609 2667 5988 3279 6265 5406 5896 3214 478 4050 88 2771 5548 6564 1026 1448 5507 5184 1356 1132 4822 5277 3544 5301 1888 9399 2443 9272 8153 1884 2653 7111 5077 3116 5731 7690 1550 6922 6604 8097 7347 1080 6121 1513 6769 3090 5713 2685 2689 9530 7059 8559 6674 4084 9709 9687 6025 6226 5356 4715 1702 291 2341 352 760 1815 9876 4656 643 4742 2451 7740 7266 5906 2398 1571 840 9770 612 2964 3083 6001 4944 8225 9923 2222 6248 9989 8527 3461 2230 2727 
361 8934 774 7295 8923 3396 8879 6088 9393 1209 5669 9174 2865 6056 2206 8954 1145 1251 5508 7285 2648 6606 9947 6281 5376 3764 2531 1830 9642 1320 607 8867 7786 574 6791 683 6756 1707 2156 6843 5264 5963 7226 7688 9242 4434 114 7702 6077 2245 9993 6135 7040 9801 9355 752 8849 6684 1124 7395 3778 6467 8689 2264 5410 9108 5202 4285 8381 5349 402 3648 7958 7012 9594 4058 5652 8696 4115 334 106 4760 4090 6562 1612 3259 1113 7070 9471 6255 1636 9891 576 4782 1490 4990 7976 8494 6781 2892 
4846 1064 4970 640 3261 9660 1212 1155 8279 8482 7318 8475 5483 7476 4865 6639 3107 6634 7213 8074 2449 6118 4107 5247 5531 1362 1914 3756 772 5526 6576 2321 6893 3118 7868 9362 3036 347 9258 4571 3004 1577 5190 3924 3301 833 2580 7158 6269 496 8607 1245 7999 7208 5617 4254 9372 517 3523 5450 5167 5362 8373 2180 2196 9453 2384 463 4156 2809 7946 923 2634 6051 8314 3122 2434 3639 4540 1006 8931 163 7527 8702 7954 8828 1981 4889 6985 240 3923 6066 7536 7692 4691 7564 9819 7231 7998 303 
2339 9150 4693 619 4138 8121 2393 7149 5065 7534 1249 3792 6924 7405 6861 2742 6385 3116 4985 4455 188 6044 1380 9001 5871 3339 9553 129 4056 59 3773 4345 1083 8770 1186 5090 4178 8756 5484 1724 3922 6991 4715 7684 7472 437 7384 7532 6212 2271 683 1281 7725 1583 2044 7834 3172 3191 2952 7020 597 6296 6662 8230 4428 9438 9547 6793 6348 8138 763 2743 7814 9312 8449 337 7496 9459 9457 4649 900 6861 1100 9183 8034 5267 6116 5242 5752 3735 1920 1941 4825 7984 433 9469 8028 1752 4470 6440 
1168 7365 2062 7976 3324 170 4701 3199 843 1118 1328 309 4455 7517 9764 5768 6485 4718 2755 9620 6003 4293 1153 1315 1821 842 5046 215 9781 6378 1085 5766 3316 5052 2797 5364 3116 2534 4453 1511 5521 1280 829 8135 4200 7705 8938 9669 2605 8474 2403 5694 1323 1480 690 6431 5288 878 4509 8331 895 2346 8790 299 2706 726 8735 7494 7631 2202 194 3233 4770 2256 3680 9160 3532 6488 2392 3309 2851 2590 8922 8368 730 8584 5468 2993 4162 5012 6254 8018 1424 5986 2953 9360 641 8669 3533 6051 
3388 6112 3147 8420 455 5574 6256 9055 861 5763 2628 4601 8910 9569 8529 7188 1015 7886 232 1568 4307 6612 4528 884 9202 7528 3216 2221 2586 9608 5967 1206 219 8494 3274 7081 4135 4746 8982 5365 674 256 887 8017 5558 2829 9792 1871 3978 2800 156 2676 2980 3798 4236 8712 9837 6198 2417 249 9236 7951 9933 6693 197 6414 2037 8551 7067 9732 5706 5809 771 296 9913 3516 1108 3305 9167 1243 5804 2343 2992 6167 2668 8370 5402 5158 551 7891 3206 7533 9911 90 1679 1960 2545 2535 9638 7655 
4666 1405 7092 8284 9497 6275 1185 4850 4191 5613 2693 4304 7684 2827 4158 7374 1716 1345 4866 1288 3578 5799 5893 7488 9163 7169 2572 5560 8727 5121 2243 5777 2044 3691 4460 4254 5739 1418 2153 6796 6975 6353 2604 4694 4123 6165 3340 5427 2003 5721 2891 2803 7229 3177 599 9019 169 8476 1869 6221 3520 2500 3060 7020 8473 5895 4249 6430 4466 83 7303 2386 7484 5805 9642 6228 2935 2635 1732 478 2961 5411 2095 2818 361 4419 7875 2054 4104 5283 8411 7310 7779 5832 1267 4816 2922 4842 2485 8324 
8420 1159 4324 3979 3439 6233 744 1826 2482 7046 9260 3703 326 1848 4676 4619 2373 1212 8083 4776 769 8078 8923 6836 136 1877 7543 8086 1286 8266 3078 1929 6427 1903 5176 1120 2255 6350 7966 1817 7204 5343 1821 4533 2923 142 3491 7830 5977 3612 4781 7465 9659 9333 5256 7446 2535 2995 5767 6774 6389 5889 7829 8341 7855 9634 555 8216 5508 6850 179 9473 6547 765 9582 3424 2039 1855 6516 2252 9965 1740 266 7586 7198 2433 4377 4733 233 8842 6860 7383 7984 9413 2585 6063 5382 7271 9892 2396 
7239 2110 6913 4401 1577 7687 8681 7393 8658 3297 1310 629 906 8546 3874 1931 6738 5512 2837 3393 9029 7442 7710 1906 9982 1456 2156 8240 9466 3336 8589 1812 111 5723 46 6386 2829 5015 9524 6176 5156 1694 555 9272 5911 2583 2605 2779 8560 387 7845 5529 803 9651 6708 3359 1527 9385 5396 8192 9410 6412 9084 8407 4789 3263 6579 2619 7992 20 8488 8836 9142 6253 353 205 941 8003 6034 1739 5407 3627 6193 653 7980 6390 3752 1317 388 7015 9050 8342 9527 7915 9786 5149 7791 9524 8632 4933 
6993 5574 3453 7158 4080 5398 857 7326 9730 3487 6939 5907 8647 2711 8097 151 759 6945 1936 5308 6795 4612 7750 6826 5744 4861 5071 3264 8103 7440 3445 9799 3072 1845 1035 2253 1432 6768 2875 9168 3792 1617 4062 7865 2113 9870 5053 1116 5421 7902 8629 6957 5143 1655 2944 5349 6229 7097 9122 7765 7172 3005 3377 1098 5550 137 6585 7954 4056 4453 6799 4446 9023 2275 3188 2296 3796 8250 7516 6983 1556 6979 2703 6144 9517 2376 9504 4095 5230 74 3789 1927 2303 7586 374 118 1521 6282 6961 4652 
4503 8988 6444 3742 789 3707 8837 6598 4152 1282 9991 8589 6534 1962 8998 8236 8167 9151 1885 9583 3076 6533 726 2811 8799 71 2570 18 1396 7248 521 996 2254 5661 9676 5048 6076 8691 8728 4732 5029 7773 4870 4185 6570 7929 1090 2394 1804 6340 2433 1278 7870 355 4790 5740 588 5795 6614 4135 1660 7299 8826 9426 947 673 7781 3765 6876 3905 7623 3377 740 1285 2433 2193 2889 3866 9594 4337 9765 3055 3074 4979 1029 2716 2341 9824 6831 3776 8113 7676 3811 9067 476 637 1153 7742 1632 9933 
1259 3327 6248 1310 6988 129 5312 7373 2794 3284 5559 5274 9384 9321 6392 4967 4511 3160 1242 2431 8079 7781 9493 3258 960 8017 38 6350 1437 5965 7221 8231 611 3764 6836 26 9174 5225 8490 198 6901 831 4305 4669 6623 4376 7325 4626 3591 8528 5327 1955 1812 2490 1064 3672 8459 9675 818 2076 689 7494 8427 748 4091 392 7587 2046 2393 3317 4840 244 6371 1218 9888 8545 7138 2213 392 9211 9618 6794 2698 577 7974 2871 8260 815 509 5170 7622 8816 8564 2626 1483 6979 6940 5683 973 9217 
5901 6526 9587 7262 139 9223 636 1182 3512 4969 3536 9690 8954 3231 7428 8739 5134 9269 8863 6759 9085 1231 3995 4129 3342 3639 510 1061 4941 3245 8201 572 5882 1722 5840 5645 8757 5221 5308 7886 8025 5066 7054 3369 4038 8712 2325 673 9859 9546 5777 8215 5011 1880 4985 1064 8536 2031 3674 9002 9958 1214 9216 7 8217 2226 6298 4424 7785 7957 9705 4982 9885 306 8058 3261 622 6940 7237 3331 7341 2479 7028 9303 4120 2279 4375 1997 6281 2976 872 6985 6095 6094 9931 1369 5713 574 7080 7272 
6096 701 8363 2593 9692 1543 9852 8721 7770 4450 5211 8528 5237 7132 5758 8784 8323 2115 4687 2023 1177 1940 511 1370 1841 9989 3296 603 5338 5751 8353 805 5873 630 1786 6324 511 5011 2555 9275 9555 6148 8033 5264 2594 5178 233 58 76 7747 9943 30 4753 6993 4425 4854 7923 5068 5463 836 3757 1491 942 7974 2613 6680 4750 8346 2334 1693 6945 1859 1665 4233 8989 4636 924 1343 1067 3933 5148 1761 136 3164 2696 3729 6796 3077 1149 3561 9626 7293 4561 2444 791 7443 2354 1691 7999 6313 
2079 1788 612 8050 2026 9273 5640 7692 5900 1269 6765 8623 9849 6180 9530 7894 3158 9723 9697 6318 7176 1605 9407 685 8270 5240 6196 4214 4450 5800 3780 1673 3596 9178 1805 6831 184 6364 8745 7575 5657 7043 8182 4219 3806 7556 8357 3415 5683 695 4784 6730 1131 7097 5471 8285 2333 2961 573 6228 6029 1973 5846 9667 4892 2494 1123 6292 690 7274 570 150 6955 2736 4064 3751 2720 5273 8352 2709 9512 9885 1601 9409 6990 9067 7218 85 1125 670 5225 3304 5833 4316 3917 1023 6440 4048 7056 230 
4177 5531 4881 5072 9019 4406 2737 6587 4537 9851 2757 7016 812 1445 4811 8554 2042 6613 7248 2636 5950 9878 1041 5431 2080 1459 1985 260 2871 5368 7675 4319 4588 5799 4184 3022 8000 1788 7650 5041 1584 3570 778 4137 8216 7047 1431 8541 6886 4429 5201 747 577 8547 9565 4476 138 7636 4473 2923 5745 9966 1707 6103 6411 2806 2485 8471 9746 1066 5675 8830 8430 2614 3128 128 6211 6507 830 8387 7130 7277 9452 3017 4629 6620 6389 9709 2077 5446 8383 2811 3550 2266 4697 6070 1910 4112 4224 1380 
8730 407 4964 4012 5721 3231 2023 9300 4517 7161 5798 1748 9999 8284 4346 9071 5730 489 6065 7810 1587 4785 8377 285 4471 4213 5613 3811 2198 2877 9187 2733 4654 7197 2628 2355 7419 4502 5646 6989 9782 7257 5943 2455 4956 7874 8499 4020 5664 2994 7192 7332 5667 1148 8928 3961 3619 1429 3006 1862 6162 2326 2053 73 4153 5267 4293 267 8028 8337 3687 7861 5583 9796 8763 6213 313 4838 3727 9537 376 8959 6259 9771 9094 8401 7708 7942 267 3219 550 1864 1538 4049 77 1969 5248 7666 7309 3259 
2594 9482 4568 3761 6887 1456 4104 6133 7695 802 1654 8317 5505 2424 7643 2958 7187 2167 3892 5660 613 9176 4267 8401 5535 9704 5412 6940 1197 6656 309 9787 5015 8279 986 1404 6662 903 2471 9968 6500 221 1568 8545 852 1109 5301 7670 4114 4742 8162 6037 6091 7034 3606 5160 2512 3777 5554 8371 1111 8182 5349 2948 4195 7906 8837 220 3733 3247 1184 109 9443 383 9796 2197 1447 7487 8316 2090 1819 182 7164 1782 1221 9283 2063 3238 9069 6358 5663 9597 4870 2940 1300 7710 5116 4369 8288 7897 
2155 2818 5451 4661 2545 8641 1403 7808 949 4940 6423 3507 23 9215 9051 3866 4057 9321 6558 6674 5119 365 7938 3283 8211 8075 460 9216 540 6510 5477 4220 7376 390 5600 2528 2376 3481 2957 6635 2707 1605 6173 9385 2829 1562 711 7047 5745 8070 826 5845 9421 4320 548 348 2101 7177 1939 19 2075 1536 810 8925 7309 8725 9846 1093 1583 688 6994 6493 7003 9299 4775 1827 6582 8077 3304 7109 2660 7360 9261 1302 207 1270 3166 7201 6132 3056 5506 1774 9103 1182 7896 5539 6793 4262 5991 6845 
7822 1646 7553 687 6580 4588 1789 3113 3704 5217 1189 5325 2571 3777 8605 3774 2862 935 1430 9578 7897 502 513 6314 4322 8322 7383 4151 2060 8192 6953 3679 366 3340 7412 6312 38 4954 1895 4629 4397 6735 5768 2294 1245 7584 723 325 5008 7563 8020 8702 3611 7989 6968 2878 971 5891 5887 336 9039 5389 3541 2900 3494 48 8081 4257 6746 9860 9357 7932 7709 4749 8871 4106 7538 8261 2599 962 352 8234 6050 9590 1954 3203 4462 8115 5603 2425 8760 695 6120 9940 1682 451 4798 7188 5345 3666 
4694 753 4630 9225 462 1445 6603 638 8307 7272 3568 333 371 8396 5670 5513 2999 5818 7709 5009 8081 3756 89 5620 3090 5149 4122 9685 7951 7470 8188 1938 8805 9995 2219 2113 2794 7373 9339 4492 1798 9761 856 496 5395 6329 5769 768 9281 9185 9307 2255 1581 9620 1003 990 9426 768 7027 5826 1632 9208 2633 3033 3692 4697 4516 2079 5385 383 657 3132 8726 88 1269 5377 3527 377 1204 6211 7496 5872 4209 3190 4287 1514 5830 2013 1538 1301 8918 7041 6137 6313 7906 9169 901 8419 1801 4777 
7761 1154 5635 3974 8424 7365 7808 6312 3415 4484 8332 5417 1269 3199 2486 3021 8768 4836 7634 6618 7225 9397 667 603 4003 2760 7501 815 1671 1169 3938 3271 1692 4269 859 992 2694 8848 1985 4814 2556 5426 5020 8522 9454 9398 6564 4365 7063 2283 982 9293 2287 5222 1034 1191 9381 5359 883 2238 8635 4939 8678 2498 5025 6074 1647 3653 5799 9314 4272 1498 6221 2812 5098 3919 3998 1917 9521 7245 2828 2151 4716 2781 3917 2625 1131 3661 1431 2053 9020 8724 6888 8169 1662 2034 4457 1280 9287 7979 
627 4449 9188 4389 227 1848 6672 1024 4842 2956 4023 6326 7496 33 874 851 3466 7438 7189 7511 2625 2546 1615 9353 2918 5747 2579 1630 8923 199 9341 8251 6995 4694 4678 4455 3700 576 3812 5812 3324 5627 7852 912 3042 8191 233 8294 7519 1942 561 1339 1516 7678 2646 5926 1213 4545 7306 2911 6207 439 6103 2540 2718 6938 8270 1767 1850 9866 2095 6980 6011 5026 6680 3250 7522 651 609 3695 8514 2095 487 6689 4431 1121 9287 6803 9350 7883 1310 444 1869 7976 5375 4406 8700 4515 9844 3806 
429 3424 5832 7015 5327 5465 5765 1924 9537 9804 5786 1126 9661 1379 255 2514 6547 6611 219 4135 136 1066 5174 670 7550 1618 8923 1203 1078 2747 2704 2691 195 7784 841 9430 8929 4937 1017 8463 998 8105 8283 1218 7255 4185 2113 6870 5279 6252 8394 5563 6075 308 1833 9133 2665 237 7252 4073 5683 633 4202 7951 3526 2316 1672 1529 8632 8952 7934 3499 4361 6380 9357 2860 8361 6888 2356 7988 6891 2213 7196 9750 1064 6578 2112 7088 5479 3842 5137 2416 6971 6388 7881 9289 573 7523 8846 1639 
3180 1168 9898 607 5395 5516 1768 3195 5898 7850 5169 8741 959 9492 2585 9153 8694 7293 1955 431 9262 6967 6092 1121 4631 2982 8566 2746 7569 5669 7155 808 1014 2759 2646 8004 411 2001 9780 5928 8018 3574 2624 9408 2068 8690 5416 7251 6717 9084 9658 4163 3368 2517 2363 9940 9742 7062 41 7306 5753 2922 127 9414 7501 3047 9801 5778 9033 2387 3625 3018 7034 852 9145 7678 6417 3240 9122 8549 8118 7798 1405 8996 7693 3461 2167 5808 3080 1724 7370 9360 5213 9978 2794 6086 2169 1639 7341 4192 
1429 6058 5039 4682 9417 4620 1508 342 5214 9404 335 3039 4504 2965 195 1977 5443 1133 760 2221 5117 2048 1809 4405 3813 5901 6155 483 4243 6286 3592 5382 6616 3534 4493 4927 1335 4566 1609 7137 5748 6280 4423 7272 7179 1632 5221 3099 3140 9703 6598 3701 486 6794 8661 880 2730 5355 2715 3283 7106 2262 4771 1661 8617 2631 3964 1554 1420 9594 9231 2439 3082 8562 1026 1592 7144 6222 2491 4226 7848 634 2409 5789 7978 2242 9423 6330 1987 300 3714 6190 6606 2982 4982 9981 4769 3997 6932 5083 
4161 9520 9279 2495 1128 1012 2983 6297 9558 9449 3133 7397 9941 3757 6888 5056 1618 5584 9639 8474 1081 1064 1896 1933 9984 2150 5145 1933 5718 3880 7309 5361 2045 1680 6241 961 8807 6757 2943 3776 9277 7704 6163 3756 7573 1738 236 9092 4052 460 8277 2441 1122 807 5973 4263 6942 1614 9604 3750 2658 1360 1583 493 8953 9858 2493 4438 3885 8989 3986 1912 8085 6595 5716 160 4975 2840 6925 3745 395 799 1121 7999 1001 9986 1696 7958 8578 5206 6750 1840 5629 1118 3905 6838 8459 8751 8298 8630 
1909 3732 696 2375 9159 8178 2745 7033 2460 2623 9091 8656 5452 3135 1842 6787 8451 2959 5251 6047 1220 5974 1168 7250 6910 5128 8236 4549 8301 7805 738 1113 1732 2609 9161 2325 3674 3726 4395 510 5347 7783 1446 1721 2657 4293 2002 621 3450 1384 9860 5357 9819 8950 1490 2900 397 3736 1736 4801 5911 8453 315 5173 2756 78 6972 2715 8663 6493 4623 1368 5036 2312 1901 7395 7905 4778 5511 8726 4821 6979 4716 6501 1791 78 2540 1887 2226 2884 3069 7027 5647 3040 1582 5973 460 3427 7691 1057 
9156 3416 5280 5022 703 3034 7105 5623 4020 4308 1402 9430 1932 2602 7746 2818 8712 7287 422 4715 150 8582 2403 4451 8799 5892 8051 543 869 6 3612 350 6043 3415 565 8761 3141 7909 7978 7372 3523 1821 8290 4004 231 1171 1152 4202 4623 487 199 991 6927 6900 3105 8552 3583 7787 4513 1627 7781 1072 1304 1850 8212 1859 9797 49 5381 2193 8640 7403 325 2700 5449 8361 7407 5672 5868 4341 2187 503 8216 3268 4168 5048 8353 4602 5141 4252 9186 2771 6614 9641 6070 607 3173 562 185 3757 
6536 1206 251 1499 802 1544 7269 285 2764 224 6031 2412 9300 2912 4241 8737 8486 7529 1753 8898 5547 8958 7100 1532 5024 7097 1952 8227 904 3326 1289 6629 1796 6941 2706 3701 2722 2171 495 4967 612 3475 49 5847 8019 2504 3162 6463 5347 4447 3954 3224 6568 3099 9480 6273 2282 7657 6188 6270 5541 397 5021 5586 8595 7612 6335 1841 9086 380 4223 543 9649 5209 602 4173 4559 2217 6683 2917 758 1506 1571 8692 4133 4314 8830 1063 7132 3903 8596 8393 3682 6777 1181 9420 5981 877 1272 9238 
1517 115 5437 1486 2506 2506 3570 6871 368 8042 9931 4748 5736 1706 7190 1900 3865 1155 1078 9081 5470 2949 9421 8203 553 2841 7456 4330 3544 3382 3622 8540 6872 5608 9009 9676 1736 814 6336 2748 2751 1346 4852 476 2912 9183 433 7707 5548 2462 7271 3677 5433 273 418 8637 3842 9252 5583 3925 8654 8449 993 5117 3398 2003 6626 9936 2129 2877 7789 565 4243 1019 6812 3260 5462 5369 9661 295 8662 7987 8043 2843 8468 6957 7610 887 931 356 3490 6453 4759 1156 6960 894 9039 3660 634 6195 
9024 5343 17 3945 7076 2396 7996 9205 4338 7296 3666 2104 6848 6698 1912 1980 2103 1376 7452 9936 598 9712 5921 4801 8617 489 9373 8826 5899 6923 5727 2556 6602 6620 4916 6465 9338 4493 8475 750 3805 364 3816 8296 8977 9547 2519 1128 1642 3041 3442 721 1314 7328 8276 2033 1998 9959 9278 119 5779 4584 1721 2228 9593 6252 7582 5493 9886 1078 3443 3280 4206 1734 1911 3356 9778 8399 3088 4966 8470 8762 7810 5809 1248 5196 2770 318 5517 4214 7532 4237 174 3116 786 4131 3268 3848 1846 4956 
663 9599 5978 6818 3661 5236 4022 2798 6441 2636 7498 5583 4514 8178 8757 4953 2727 8988 7813 7536 3103 2430 2655 7205 4741 9277 5745 6288 3443 4614 5814 1503 7150 9488 3210 6029 6371 6463 2190 390 8625 2555 4751 9706 2247 9297 1522 4465 2239 9128 5859 7902 6459 7687 2974 3303 2062 2436 1773 4131 2015 3824 3556 8341 5146 3857 1225 216 7079 4912 5495 924 4607 5973 3429 4240 220 2959 1779 4448 1504 9720 7253 3041 7833 361 19 602 1651 7786 863 502 8655 2348 648 6935 1219 570 7391 8861 
8305 4605 3449 7447 2365 6080 5 7961 1993 7300 2238 7726 867 4085 226 288 1089 892 2356 2663 2716 3125 1199 2878 1883 6660 1404 9772 7793 3940 5270 3313 1418 704 2604 2335 2338 9126 6071 4284 2742 1592 1580 6453 5903 7525 2596 7780 9564 856 6218 9605 8623 3775 549 3382 2460 3294 1639 365 5293 1957 2468 2334 8329 2896 2711 685 822 6733 5570 6801 2652 5171 9989 8266 6348 6257 2833 2133 8209 1893 7645 9805 9670 1503 1800 1539 5529 1620 5904 6017 5534 4599 19 2092 1494 4773 7796 1385 
7649 5279 336 977 754 206 3617 1832 3331 1250 1762 9066 2521 5707 1413 9894 8616 60 194 4288 1242 9373 4720 9522 7260 1056 1305 626 3914 4454 617 7114 2972 3123 1783 2452 8321 1695 5655 5140 3211 9918 7023 1707 8539 5139 5497 297 2382 1344 8857 3203 7527 1585 5647 229 6144 9738 9295 6153 4668 8429 2671 6041 4943 9537 1984 1505 5471 3007 2497 3369 9276 1663 5216 3361 79 7555 4914 5230 9279 4770 6038 7268 3929 1656 9445 8516 7553 5499 7612 4297 3380 3249 9725 125 3104 8545 2595 289 
8406 2039 9269 3789 3439 4028 6989 6436 5341 1460 3417 7164 2851 8970 9569 4572 7768 5818 8378 7479 1015 2413 2234 9785 2986 3834 7981 2351 2233 5082 5928 3900 5566 589 8140 9160 2843 7612 877 3515 1998 5423 7956 6828 3571 3488 7937 8915 6906 7599 6213 9541 8523 8231 4255 7521 6967 5168 3445 3958 2961 1606 3878 6536 7005 2219 1710 6035 1560 8393 537 1823 6569 843 2523 8741 3301 2620 1984 3200 5289 1663 8223 2615 3460 992 9892 7050 2114 5067 2558 5515 1153 1485 3462 2576 7789 7159 2386 9222 
5055 9866 7513 3224 8886 1951 7080 1216 6372 7110 4900 508 7404 2738 112 3941 8906 1346 481 8092 2996 4179 8800 7542 9599 2837 9585 1034 9062 171 5778 4552 4022 6439 7397 9757 3789 1349 321 5284 8501 4150 534 5791 8283 1152 160 710 2101 5764 9710 2238 5796 1521 1619 9886 5254 4695 6733 5567 2510 8846 6228 4418 552 40 4741 2566 4967 6164 5215 1306 642 5684 2318 4175 3503 7297 4311 2210 5518 3326 6387 5721 8938 3403 1967 7884 1995 3611 7282 7238 3135 1912 2353 1163 890 741 5376 8508 
6652 7427 698 5129 5138 1800 8803 2663 255 7166 5548 4914 252 632 4439 2181 9694 4506 9531 7895 632 7049 1498 7288 9248 9857 5969 1996 2054 3366 1328 775 6386 700 7210 6394 1261 107 3663 5661 5204 6813 5592 158 9864 730 8451 5432 5881 9575 2736 2840 4436 4458 9227 3292 9706 9841 5932 1309 1379 1955 1435 5502 9491 2678 3927 5765 748 4659 5688 7754 9396 3432 4899 1997 2073 3116 4287 8397 3090 8952 1510 3894 839 1732 5438 5771 1140 784 9833 5589 1434 4228 2426 7930 134 4585 5992 2161 
6726 5962 1559 2629 3353 1509 2661 8280 1527 2039 6771 1402 5761 5815 1749 7722 1434 3985 2988 9884 1798 5510 5697 4044 7249 9889 6148 6242 4724 8781 8359 1063 2019 966 7540 1383 1978 5598 6806 5110 2570 9889 7543 7720 8879 6170 6389 316 4740 8311 4314 8200 4936 1371 4124 2443 2482 7859 4035 495 4051 7691 3642 670 6380 1377 5015 8055 2416 4153 9534 5152 3707 6579 3362 9726 5203 8859 1565 387 4509 5488 5283 2391 9891 1319 8914 2042 485 3504 941 5385 3917 9337 1498 5743 6488 2577 6023 3022 
3426 2928 1780 3790 5905 8470 6109 1669 3573 5553 4919 5975 5886 5507 5805 9840 6542 9442 2603 3424 4304 1409 1307 5783 666 1808 318 2065 5951 1936 6654 6835 8776 7738 7681 8503 1524 2832 5552 6276 6141 9060 2825 610 8174 7575 6450 7036 2545 8821 6463 9894 8381 9839 1925 8433 9489 1560 0 3677 8074 7733 9186 7455 2779 2767 8413 3955 5389 9995 1043 2612 5604 1179 5932 1609 373 118 2904 7874 9941 1974 8805 8548 2388 4577 243 256 586 2346 3638 5643 320 3000 2716 7482 1362 7799 1120 6908 
947 2893 9822 7148 2433 3152 8088 4551 6715 775 3208 891 7473 414 8374 7505 7387 5086 3293 2812 3005 3516 8601 9586 7081 2753 6996 1387 5461 9914 4449 2375 9646 1984 4248 6533 8717 7978 7412 6034 4521 866 3289 7566 8270 9558 954 8677 1372 7280 5994 9532 803 24 993 9851 5213 2920 8593 9354 9324 1792 5786 863 1559 9707 1803 6519 8783 7025 7993 3682 6342 6463 8661 8484 466 2116 8297 9465 4798 9054 2851 4025 9651 2420 1190 7341 197 8645 4733 7905 512 8945 4017 2202 9221 3878 9549 3033 
5807 1726 8192 1680 4427 7318 5490 8869 1047 1938 891 1061 2282 1983 1792 7307 4693 5786 9999 1217 2744 9824 4990 3733 7128 5253 3999 8944 2096 2600 5207 9412 6277 1879 2335 6932 2415 5167 6761 4120 2004 1863 727 5680 9831 2397 329 9497 5457 6337 5270 1662 2191 7265 9597 945 589 4660 2092 2970 1040 427 6080 3631 1690 117 6254 2901 874 5426 1650 4277 1410 6938 4070 9331 1453 3071 8326 891 6480 3120 817 2653 8641 3760 66 2747 2853 1175 8928 8880 9374 2822 130 5539 9621 6368 7287 1307 
5604 5495 613 6790 648 8437 4848 741 9781 461 766 1962 8378 5249 1961 6421 2518 4085 9637 8059 1962 4404 2802 7833 7345 5537 7667 7927 959 1697 5968 4896 1030 1991 298 976 6110 1535 9565 735 7141 8543 6059 2286 2309 7435 5526 6223 5014 1161 61 4906 6500 2324 7355 9245 2130 9700 8589 2692 2670 1694 7107 7434 8503 7976 4168 9102 8573 1472 7925 89 8328 6669 6659 8846 9979 7222 1536 6339 8714 962 2051 8720 5594 208 3891 6326 7832 6728 6214 1905 1196 8625 9782 6481 4607 5732 3576 9766 
1051 9088 5599 6138 6755 7248 2911 6035 6403 4986 7054 4840 361 2074 7600 2340 1683 6158 7986 537 5483 8947 678 5048 7361 3744 737 5086 7319 6753 7762 7280 9875 5287 8069 10 8304 830 278 5652 9910 6703 5113 5287 1931 3367 4889 479 4986 9416 3952 1601 275 670 7 702 9763 2213 9294 2856 1542 8985 5550 2293 7450 6573 4013 5554 3014 9952 4882 1370 2138 1181 249 7799 6793 7395 8921 792 100 6517 7604 8564 9865 9889 111 397 7548 9254 5204 7656 1876 6818 884 1165 9498 9514 848 5946 
3389 6367 4121 9805 2506 61 2966 753 5242 3156 5351 40 8331 4060 728 3194 6068 2117 3720 301 5939 157 2490 8374 9850 2166 5595 9359 3978 1815 7494 2617 3326 8273 4356 1140 3739 5045 5272 780 38 7172 6650 2390 5367 2551 2146 3820 396 1008 9752 8453 705 8577 3913 2153 1151 5084 3868 9747 6002 5706 1606 2488 3648 3088 5995 4039 7415 6206 3446 1073 2565 1338 1483 4955 1902 7021 8347 4258 5754 7740 1176 3070 5389 8234 969 2698 8395 7611 2240 2611 7387 1788 7881 9038 411 7442 102 9039 
